[3953238955, 1452477452, 6]
[483046578, 646248580, 6]
[732650777, 1096294157, 6]
[1695761557, 1277958094, 6]
[3812866522, 275750441, 6]
[3067472458, 3647918591, 6]
[364024889, 3375371522, 6]
[3155784909, 1680471380, 6]
[1689171340, 1944306080, 6]
[3070773881, 4135364643, 6]
[3985394260, 251661504, 6]
[1504842841, 4250490546, 6]
[2995179022, 3681595183, 6]
[4055045811, 3185051166, 6]
[3586893718, 1820659752, 6]
[3684340383, 4291178940, 6]
[2569562477, 3292794421, 6]
[2530811335, 4117174230, 6]
[1653844115, 3561008219, 6]
[600728115, 1903363653, 6]
[1230194909, 3986118526, 6]
[350990029, 629311467, 6]
[3062029417, 3872872121, 6]
[1889639255, 3499350183, 6]
[2738209386, 3181971256, 6]
[2371692827, 1526465670, 6]
[466729516, 1656108498, 6]
[3586513127, 2436873384, 6]
[3878889750, 3040127846, 6]
[3835602849, 1369769863, 6]
[2300098979, 120327620, 6]
[3104732329, 2321764811, 6]
[3059174695, 63828090, 6]
[2811397734, 428753077, 6]
[2894444474, 949225185, 6]
[2637019684, 2382583772, 6]
[2208604437, 51118676, 6]
[2495007416, 2013191737, 6]
[2670074283, 4055433793, 6]
[320572755, 1062733707, 6]
[2990028435, 4250666499, 6]
[1188872759, 2584219024, 6]
[2620462205, 1286145626, 6]
[2893194420, 3925205227, 6]
[2789532584, 3613107102, 6]
[1348936395, 2515239249, 6]
[1976019294, 1807478837, 6]
[2608128623, 1835376965, 6]
[1660245215, 2098444218, 6]
[624053113, 2038438775, 6]
[1221950582, 740600526, 6]
[1726863657, 2950546691, 6]
[818587245, 3005655974, 6]
[2454311375, 3515395699, 6]
[1759615651, 4271433806, 6]
[1469892894, 2687772449, 6]
[1414835789, 1058606034, 6]
[2922601713, 515331797, 6]
[3929520579, 4241970700, 6]
[726471847, 1414531861, 6]
[2857307447, 1946751098, 6]
[2566174166, 1980078156, 6]
[2763307481, 3930523494, 6]
[3996227406, 1598915855, 6]
[2754575245, 2876202846, 6]
[1220226617, 62744474, 6]
[2520013738, 1716783627, 6]
[2896873941, 736590069, 6]
[3876270754, 1278739253, 6]
[1846386290, 67375055, 6]
[593569497, 3563473805, 6]
[1716439973, 2785369190, 6]
[1251333707, 2648576210, 6]
[1305311114, 212477450, 6]
[3969594668, 756550614, 6]
[762411345, 427784096, 6]
[3000404401, 3453929720, 6]
[603383187, 1857817353, 6]
[2888603500, 4031111105, 6]
[2397442908, 1723029094, 6]
[2732926997, 3380086797, 6]
[1025084983, 2330504388, 6]
[970618134, 1908539557, 6]
[899532838, 4238743661, 6]
[2454997794, 3238997804, 6]
[2568158110, 1396791206, 6]
[1809476763, 657200384, 6]
[239236682, 3500148260, 6]
[1801148137, 3316921371, 6]
[2539696214, 1075796044, 6]
[389244121, 1097864397, 6]
[1662497125, 1516042320, 6]
[2454254146, 3439494340, 6]
[1431170449, 822328235, 6]
[3148032293, 2598133494, 7]
[1179513525, 907770017, 7]
[3463961942, 2742006014, 7]
[1431356109, 4252465027, 7]
[3733607561, 4126473171, 7]
[3072762170, 2253117453, 7]
[2368580846, 2023790464, 7]
[1983328694, 1488711766, 7]
[1901161935, 2572245923, 7]
[1495125638, 2014953984, 7]
[197564089, 2274893921, 7]
[1554449419, 1777402362, 7]
[1926708901, 1834910538, 7]
[3067174474, 3185596411, 7]
[2799918282, 1805894249, 7]
[1306697402, 2076528544, 7]
[2287652525, 2156137480, 7]
[3299143447, 2214470154, 7]
[1939749127, 2178845700, 7]
[4099352255, 1469587631, 7]
[579906309, 2548543192, 7]
[2377344589, 3395866461, 7]
[3190494920, 3007445849, 7]
[823933907, 3845620104, 7]
[1924308627, 1202108339, 7]
[996238490, 2169527811, 7]
[1829650549, 2735638566, 7]
[3874767700, 2292203045, 7]
[946368314, 3590196272, 7]
[474585571, 1074306884, 7]
[2773266722, 822151339, 7]
[1372821378, 1264653999, 7]
[3517426319, 3192945675, 7]
[3901855607, 3475521794, 7]
[3265629129, 3171268, 7]
[4147801297, 2380272867, 7]
[1220945592, 4163942560, 7]
[2445481229, 318033829, 7]
[4154536729, 1765444626, 7]
[1851076121, 773422138, 7]
[2791947560, 2143882992, 7]
[723968953, 1702765158, 7]
[1472631181, 3341448589, 7]
[343755595, 2097854869, 7]
[2614727359, 827917779, 7]
[2920636313, 2126547063, 7]
[1915526985, 905716648, 7]
[2527606173, 2411787936, 7]
[1724036946, 3925623298, 7]
[2756898020, 419499701, 7]
[1548303496, 303105553, 7]
[3836453877, 2415419776, 7]
[1792099945, 1967224694, 7]
[3381481458, 224522469, 7]
[3135545678, 219805757, 7]
[1305110082, 304899606, 7]
[3864449452, 3589815378, 7]
[1137275821, 2798782891, 7]
[572864874, 279982140, 7]
[1726702118, 701559176, 7]
[1446702127, 4058896052, 7]
[2386172349, 3922623660, 7]
[700402573, 4239095296, 7]
[2274659161, 5368236, 7]
[825420731, 7214968, 7]
[567461085, 1852347927, 7]
[2976108971, 2496102914, 7]
[651925866, 1124231816, 7]
[836475803, 1070477344, 7]
[2090164879, 431319763, 7]
[4056060397, 359124902, 7]
[2521233726, 101459476, 7]
[599432402, 1577039101, 7]
[152852715, 2203578872, 7]
[498281953, 1893847106, 7]
[3990573359, 2096574454, 7]
[3564217767, 609034453, 7]
[2870294063, 4293429278, 7]
[3039348881, 4292741054, 7]
[2746982763, 342184856, 7]
[3071193479, 2148141784, 7]
[1394305815, 1708269050, 7]
[4018957147, 1369341797, 7]
[2945800877, 2658631906, 7]
[2068186777, 735315787, 7]
[1389425863, 3313426948, 7]
[448404892, 4104482600, 7]
[2227538283, 310642595, 7]
[2526356872, 870890496, 7]
[3006425743, 628235731, 7]
[244590953, 1153334750, 7]
[3938251861, 87914342, 7]
[3817380279, 544590849, 7]
[2447718098, 2907664358, 7]
[3643422963, 3492058985, 7]
[3592636873, 4030743294, 7]
[1782455702, 2981162838, 7]
[1314240617, 3242163281, 7]
[2381424442, 2995818435, 7]
[2372683930, 222723048, 7]
[4115019303, 2689068464, 7]
[3429457644, 109453032, 7]
[3389821894, 2298665700, 7]
[1054266809, 2908247959, 7]
[919919238, 3576289194, 7]
[3331060174, 2089684769, 7]
[2365150135, 171804691, 8]
[162165405, 2952687786, 8]
[711939811, 3325226821, 8]
[3278472604, 1693845380, 8]
[1953074929, 712869293, 8]
[2201115221, 2809399188, 8]
[1512367202, 2133889035, 8]
[1558120297, 1081958786, 8]
[2914751485, 5276639, 8]
[2984388751, 2278699008, 8]
[1193965023, 536318428, 8]
[660205181, 4020125424, 8]
[3471022966, 1055949216, 8]
[3463367083, 2136453415, 8]
[2815736583, 4023631742, 8]
[3671006237, 1627197039, 8]
[3114924617, 2124028944, 8]
[2452928569, 3187401581, 8]
[1795668561, 193034225, 8]
[1306025030, 970815, 8]
[1269979367, 1666326417, 8]
[1806476878, 2812551201, 8]
[1843595343, 2128826360, 8]
[3835184075, 1616889216, 8]
[979887941, 704769788, 8]
[740677805, 4101103560, 8]
[3907723490, 4252906272, 8]
[3031052277, 3198296336, 8]
[2972337695, 2084427804, 8]
[397888966, 2408562847, 8]
[1122623163, 2556299341, 8]
[624339063, 3229426088, 8]
[656835205, 4091041852, 8]
[3161168792, 167747805, 8]
[4008011487, 3472041978, 8]
[161387691, 4259843843, 8]
[3881088751, 1365753408, 8]
[911673771, 1132326848, 8]
[2752738973, 3195494406, 8]
[1181491514, 3645509327, 8]
[2781972809, 1145499648, 8]
[2022338025, 3893627860, 8]
[1847011125, 3124768703, 8]
[1353405861, 4094131929, 8]
[811763517, 318472442, 8]
[1436473159, 246869752, 8]
[2001056033, 20609648, 8]
[3534276373, 2816508924, 8]
[4216990893, 3741324368, 8]
[3080598686, 2071511342, 8]
[2655130571, 3756063632, 8]
[3465862455, 2471614251, 8]
[3016652726, 31596416, 8]
[3563089188, 2156519253, 8]
[2772576840, 269416355, 8]
[3796141235, 3545747668, 8]
[1834316220, 292648765, 8]
[2173523093, 1281929575, 8]
[3549761819, 2130305144, 8]
[1905159016, 678265867, 8]
[1460344593, 3221505630, 8]
[3806881397, 1819478055, 8]
[120628261, 3762287719, 8]
[959655961, 788139112, 8]
[1837460791, 3732857861, 8]
[3347827754, 3230678944, 8]
[1725809866, 2819559104, 8]
[1767339773, 536101940, 8]
[391562891, 2349340880, 8]
[1194431169, 2114589777, 8]
[3439883851, 10892607, 8]
[152605575, 264659700, 8]
[3264270455, 2164220973, 9]
[3937549311, 4293925194, 9]
[2461026941, 1946954360, 9]
[2567311798, 2231215384, 9]
[3358886984, 155140286, 9]
[866462967, 3825082123, 9]
[3927287763, 2854231257, 9]
[1280351761, 2593267648, 9]
[1129544500, 4262066296, 9]
[946396419, 3422950304, 9]
[740250858, 2112167932, 9]
[4105805134, 3415216621, 9]
[3133765533, 352192642, 9]
[900795940, 4248866943, 9]
[2166491815, 3909879190, 9]
[3809769747, 781725336, 9]
[1125671953, 1551497216, 9]
[790228420, 3757631408, 9]
[3610318785, 3229630722, 9]
[472588732, 4066576038, 9]
[985446803, 3276673408, 9]
[1953074728, 3618905972, 9]
[991621194, 4290692344, 9]
[4257919929, 638583635, 9]
[228600045, 154762160, 9]
[4112492970, 1019217897, 9]
[3972383430, 65738894, 9]
[306917825, 3624728270, 9]
[3289804893, 3992412240, 9]
[366368808, 3592425389, 9]
[4219298220, 168823091, 9]
[3847119549, 3270183013, 9]
[2638388413, 4160681823, 9]
[883775354, 2993295869, 9]
[2853955362, 1319596159, 9]
[1781316364, 2102666598, 9]
[2217332979, 2146175600, 9]
[2280608147, 3380166659, 9]
[122619542, 2161642520, 9]
[4178304685, 2118126215, 9]
[1403473257, 1775624564, 9]
[1395940065, 134707375, 9]
[1648396145, 193005047, 9]
[186376781, 4286063328, 9]
[2661835131, 25309632, 9]
[745002948, 3742402816, 9]
[852893206, 2168485905, 9]
[1284196369, 4095075302, 9]
[1206621335, 1623146592, 9]
[3183498730, 982645627, 9]
[1625930788, 996082060, 9]
[468887539, 3221238428, 9]
[323350694, 2343575122, 9]
[1247476520, 2219175622, 9]
[1784063360, 1554050889, 9]
[1405112932, 4290388074, 9]
[961690768, 4194385034, 9]
[1970373847, 3787539472, 9]
[3024766249, 2119639075, 9]
[2630201946, 1531994578, 9]
[1555211260, 937179212, 9]
[1876548054, 3146612699, 9]
[540725701, 3596418945, 9]
[3132259625, 2834172052, 9]
[1945343897, 781983745, 9]
[2690536375, 3932618997, 9]
[3015903121, 3972145047, 9]
[821172826, 1005551192, 9]
[2691390213, 3455516862, 9]
[246384251, 3960985476, 9]
[3963571789, 2046304000, 9]
[3025538986, 2571139284, 9]
[1537521388, 1784429051, 9]
[149710374, 305840704, 9]
[1369975485, 1168082031, 9]
[318317540, 1612717797, 9]
[2379414665, 66852128, 9]
[101641910, 948965291, 9]
[2199329388, 665929694, 9]
[936026644, 3222825570, 9]
[2974120715, 1095374737, 9]
[1178701707, 2173038756, 9]
[138072023, 223559780, 9]
[4016905654, 75503664, 9]
[1066439378, 3817210177, 9]
[870547091, 354022650, 9]
[2855158677, 4152553385, 9]
[1500541336, 1945387654, 9]
[3128271858, 167590899, 9]
[1743050019, 3811295280, 9]
[2714555520, 1948299328, 9]
[2841560242, 4160800506, 9]
[3317595704, 266383524, 9]
[242989810, 1849682177, 9]
[1156119459, 3593340873, 9]
[377916956, 3677188, 9]
[2715149454, 1133875041, 9]
[4189736396, 813698852, 9]
[1000882964, 2146131776, 9]
[2308469310, 2046561982, 9]
[3521636905, 1070059584, 9]
[2829198450, 117162241, 9]
[2649007761, 2743139040, 9]
[2993825961, 3200287664, 9]
[1194633231, 3204398644, 9]
[1859810179, 2213812218, 9]
[4078289222, 1304791087, 9]
[2078584721, 2480670208, 9]
[3951365290, 2182095114, 9]
[3888173510, 1034097792, 9]
[651809806, 1606424496, 9]
[3351035624, 268578, 9]
[2798809180, 2130637188, 9]
[241588143, 3767526373, 9]
[3968923223, 1341225070, 9]
[529279895, 1411361816, 9]
[1012834260, 1205100468, 9]
[976046722, 3947492916, 9]
[789342771, 1301621485, 9]
[2562303681, 845089661, 9]
[2873400392, 176235016, 9]
[3950241030, 2534050032, 9]
[3778541265, 570936833, 9]
[1651754523, 2144799008, 9]
[1407090003, 4063371184, 9]
[1457010368, 1086597184, 9]
[1258190981, 3892698508, 9]
[2627651830, 4263577854, 9]
[1721215210, 3254823104, 9]
[3655785725, 3357556008, 9]
[557863969, 2146447105, 9]
[1801236280, 87302553, 9]
[3122762772, 468054079, 9]
[4230769780, 3233079136, 9]
[1587959240, 3141468404, 9]
[3742087504, 3318546020, 9]
[3727078961, 2332536842, 9]
[792847895, 3709873006, 9]
[3294358113, 319162111, 9]
[3488125775, 472416284, 9]
[584301692, 1272979032, 9]
[295653051, 2935587871, 9]
[3465534059, 1082945791, 9]
[3191909355, 3758138050, 9]
[3638335428, 3860872880, 9]
[1701255707, 192529440, 9]
[243154035, 522198000, 9]
[1922081360, 3362513807, 9]
[3619855585, 307950197, 9]
[3744012249, 4288687064, 9]
[2836778108, 648822400, 9]
[2946665620, 1994358604, 9]
[3996628924, 3433135032, 9]
[3431320035, 268465162, 9]
[2753623139, 2094948351, 9]
[756009809, 3949862281, 9]
[3793947809, 4290051320, 9]
[1175688447, 130568228, 9]
[2986899758, 1078218734, 9]
[1065820392, 3906339022, 9]
[226672331, 4261422750, 9]
[1515329310, 2466187652, 9]
[3287913427, 267870212, 9]
[2617906638, 1340147056, 9]
[3413050523, 2133812248, 9]
[4174160328, 2947549097, 9]
[2199309609, 2688813784, 9]
[1773657033, 1085738815, 9]
[1115939689, 626238453, 9]
[1700324398, 3018939936, 9]
[1934597657, 2152249471, 9]
[395128004, 3700978629, 9]
[1037162708, 831827633, 9]
[495526925, 156774212, 9]
[3927267691, 3087418094, 9]
[3618402616, 20988022, 9]
[4145502593, 1945637196, 9]
[3356667635, 3269509128, 9]
[606492048, 1148910015, 9]
[836076910, 3587408981, 9]
[3737795697, 4227872034, 9]
[378104090, 2795178581, 9]
[2090939003, 1596721470, 9]
[3063946097, 2294572035, 9]
[1747887453, 1361952759, 9]
[1493833634, 3262922127, 9]
[2135587023, 2833514581, 9]
[73327169, 3231188461, 9]
[256539030, 92268435, 9]
[1105082938, 34472702, 9]
[4073045771, 2550668884, 9]
[2733464488, 1100020637, 9]
[2645113862, 2726047568, 9]
[1190777752, 1414551628, 9]
[2863014393, 66969149, 9]
[3981543200, 3888127508, 9]
[2859936787, 1208204280, 9]
[1001535575, 3373140479, 9]
[3209941741, 1675755867, 9]
[3724424105, 20426748, 9]
[190489059, 67270807, 9]
[4155438025, 3358277768, 9]
[4045038508, 3846602181, 9]
[903774446, 4161818708, 9]
[943582278, 4156735584, 9]
[3357154008, 1297563591, 9]
[3715576907, 2279799880, 9]
[2775852435, 1074412960, 9]
[2612394731, 4294196720, 9]
[185997189, 1006117394, 9]
[3382044888, 1681518775, 9]
[3838942270, 1117059229, 9]
[3633200058, 1804615922, 9]
[3539555003, 748124164, 9]
[183076206, 65017916, 9]
[2695693810, 818872514, 9]
[1289503875, 2819759696, 9]
[3155240579, 2550008392, 9]
[3336479361, 796966415, 9]
[2237870780, 1889274008, 9]
[1066750282, 103573221, 9]
[2589939104, 782298847, 9]
[2805404430, 3757850117, 9]
[258795949, 2890409638, 9]
[290416251, 3395296157, 9]
[1949676548, 1030496315, 9]
[2522475267, 2240003063, 9]
[693614456, 523196160, 9]
[2450874628, 33476573, 9]
[1557619705, 795277497, 9]
[3104922016, 83488127, 9]
[2418227767, 4015184280, 9]
[758072051, 3422432405, 9]
[1136776146, 1081041027, 9]
[2720573025, 1658728447, 9]
[375022465, 67647735, 9]
[1687205250, 3491604063, 9]
[1660215593, 137824219, 9]
[2850527354, 3220839188, 9]
[531961498, 339410832, 9]
[581601347, 3623552052, 9]
[614307576, 2014332627, 9]
[754616003, 3752624977, 9]
[3656692371, 333934582, 9]
[3568750192, 2611985152, 9]
[2894354846, 2415953664, 9]
[2073096598, 2028729828, 10]
[2127008055, 3748920833, 10]
[493785857, 3120757766, 10]
[3629870209, 2614607735, 10]
[1492684726, 2147555258, 10]
[2583211444, 2843799525, 10]
[3886285257, 2965520256, 10]
[2491372559, 4129231877, 10]
[2196195460, 2862348298, 10]
[2345794423, 540702320, 10]
[942297064, 2011971573, 10]
[1146044331, 4227292970, 10]
[2262474879, 2877373313, 10]
[3713435709, 1177005901, 10]
[1115314109, 798620689, 10]
[3531777976, 2153795836, 10]
[3040576936, 66090868, 10]
[3115114085, 4211208423, 10]
[3459580946, 4293931144, 10]
[1248885393, 11223681, 10]
[1125213960, 3196084645, 10]
[3791827273, 2215443200, 10]
[4149366496, 587721704, 10]
[2498839587, 3604383720, 10]
[1486640529, 268320513, 10]
[3370910859, 4293781536, 10]
[3255615050, 1577977120, 10]
[518218250, 1314236374, 10]
[1848610503, 436477072, 10]
[1820886618, 2810437860, 10]
[2955220099, 2299035656, 10]
[2232456409, 13542015, 10]
[784027174, 4027547138, 10]
[2323370657, 2978003904, 10]
[1172272975, 2162298880, 10]
[2374925111, 4126925440, 10]
[2400997050, 2080315384, 10]
[3167786625, 4026660999, 10]
[2231132581, 4277405689, 10]
[77945401, 167249677, 10]
[787447205, 1408728671, 10]
[1402005808, 1027678465, 10]
[1033733489, 4293526460, 10]
[2312943215, 2217472004, 10]
[350785733, 4290497, 10]
[2860202220, 2246643963, 10]
[852280584, 532908190, 10]
[459509240, 2146954238, 10]
[2881910719, 3387809909, 10]
[1625018219, 2223571294, 10]
[3020335066, 4195377131, 10]
[3732693220, 2362855165, 10]
[960218244, 4279211872, 10]
[641175507, 3214918465, 10]
[3404940260, 2684391992, 10]
[640958987, 4278568224, 10]
[635268128, 3710371065, 10]
[3950450049, 3304945830, 10]
[707107910, 4160417727, 10]
[4070604110, 4260376320, 10]
[175490834, 2280648564, 10]
[3556369970, 4034886224, 10]
[2997794172, 1010782721, 10]
[3287582671, 2233950148, 10]
[28390669, 4162845826, 10]
[1974592465, 2684402493, 10]
[3418946535, 1593712536, 10]
[247698590, 2655004843, 10]
[3137828413, 9831745, 10]
[3632967714, 2164454458, 10]
[1381894933, 403735616, 10]
[2030610365, 1107028416, 10]
[1971544845, 1201716209, 10]
[3688105098, 2161106912, 10]
[2605324795, 6753808, 10]
[3844667069, 4026202056, 10]
[3732974899, 1250231269, 10]
[3958501043, 775430140, 10]
[3448795683, 3222777600, 10]
[1191872633, 268045116, 10]
[2004142274, 2851345360, 10]
[2598341472, 1781598198, 10]
[2879713689, 2197954720, 10]
[762512688, 3894969368, 10]
[1689468671, 4260827678, 10]
[1439626718, 4026567048, 10]
[387566522, 528488496, 10]
[3380063635, 3239604460, 10]
[3651628880, 2130722113, 10]
[886502338, 4264265668, 10]
[3255632584, 2515141886, 10]
[256353508, 4227497487, 10]
[3266222606, 3826382719, 10]
[499256753, 972566401, 10]
[4275400055, 737672652, 10]
[4156689816, 2292183808, 10]
[2529679948, 1511309, 10]
[2621812874, 4273928688, 10]
[3120073944, 3722407936, 10]
[2377676898, 1073841601, 10]
[1086951872, 1573103462, 10]
[2110667408, 2741063772, 10]
[3041451240, 670070616, 10]
[2566998750, 1631627330, 10]
[3274994553, 3222407007, 10]
[4007264681, 523757616, 10]
[1821537848, 268377820, 10]
[1129693379, 2852255948, 10]
[4016246557, 145588478, 10]
[1308642718, 2098338562, 10]
[1786425651, 2147828664, 10]
[587938750, 3118483443, 10]
[3942237052, 2287634368, 10]
[2468709511, 935876, 10]
[1135583321, 3531530079, 10]
[3927169843, 2125754400, 10]
[2271577169, 4138156309, 10]
[2380136138, 440499476, 10]
[1019132693, 4225632086, 11]
[1254434862, 1065322651, 11]
[149709924, 1237316016, 11]
[1898013050, 3777767357, 11]
[3009507551, 4265746176, 11]
[1970908179, 2677980112, 11]
[1570735323, 2111110146, 11]
[1929344423, 4198975491, 11]
[1335970210, 335315190, 11]
[3598136980, 4094147578, 11]
[3937732554, 4292905096, 11]
[1870146759, 1606189312, 11]
[2045198103, 2109784896, 11]
[134297181, 251663672, 11]
[4170444193, 2130177568, 11]
[1335861990, 2549055675, 11]
[1620726031, 2147242992, 11]
[3542269979, 2226616326, 11]
[2046577746, 2648436704, 11]
[3087821202, 811384831, 11]
[2450261186, 4090441688, 11]
[263653870, 2090867136, 11]
[1745139251, 301187074, 11]
[2990799016, 2124427104, 11]
[2020387507, 200851225, 11]
[1723006611, 4294558600, 11]
[2854485862, 16852214, 11]
[2700465950, 3081700000, 11]
[2531514427, 3221162720, 11]
[2192128290, 3048470389, 11]
[3981996129, 3623782524, 11]
[4226212338, 4024433053, 11]
[1873937291, 2017296326, 11]
[1998258682, 3498092568, 11]
[20563031, 4277142672, 11]
[206239026, 410001272, 11]
[1040701747, 2693397760, 11]
[3573427640, 38045694, 11]
[2269426174, 2014055176, 11]
[1017175959, 1527645990, 11]
[3946214306, 2165318076, 11]
[1259875416, 370116654, 11]
[4010099442, 3212122082, 11]
[1034978226, 2161245311, 11]
[1326484513, 1089333249, 11]
[1542024104, 378604123, 11]
[4177873948, 4075821056, 11]
[839881173, 1083715585, 11]
[640218576, 748174534, 11]
[2801717732, 2489774496, 11]
[545917241, 3758293296, 11]
[3250650774, 4212260006, 11]
[3839320642, 2961193057, 11]
[1810594495, 3449233408, 11]
[971859360, 184946661, 11]
[1374822493, 1084194045, 11]
[333216460, 2283790330, 11]
[1193269739, 1407587448, 11]
[3708778059, 4283969919, 11]
[2615930710, 2670764000, 12]
[3183735925, 4026138112, 12]
[1047614847, 1878917752, 12]
[1115098846, 2163866648, 12]
[3869182330, 3187470463, 12]
[1076082362, 1442709520, 12]
[2410140671, 1996914499, 12]
[3948940578, 96263932, 12]
[2098871374, 2684270544, 12]
[1468142783, 3730904081, 12]
[3496312750, 540049143, 12]
[1825887856, 1423607638, 12]
[2515649872, 132181974, 12]
[4221540503, 3221331840, 12]
[1810079876, 1075781601, 12]
[2818921032, 301219837, 12]
[1215843849, 4273597428, 12]
[88267658, 1272969088, 12]
[1771045570, 3176074924, 12]
[1081518775, 703463221, 12]
[2401910698, 2292983829, 12]
[822476718, 4244236270, 12]
[4212020214, 2146439805, 12]
[2997581874, 4292900732, 12]
[1896705110, 3257669635, 12]
[4106437109, 317189632, 12]
[2574978655, 2130243832, 12]
[3313530434, 302124384, 12]
[932747777, 3280027457, 12]
[907008066, 3754979392, 12]
[1230750726, 2144366880, 12]
[4208227334, 536877409, 12]
[2354644424, 1006690470, 12]
[367993244, 2952695800, 12]
[1321723998, 2706341376, 12]
[1652866494, 67304438, 12]
[400943242, 2886746117, 12]
[334439626, 659562472, 12]
[1618337460, 3464036017, 12]
[1790677000, 37975968, 12]
[2020429826, 134482958, 12]
[2872841593, 3758236128, 12]
[2689517343, 61276283, 12]
[4222527680, 1263536640, 12]
[2169992824, 738984401, 12]
[3911125985, 2680169666, 12]
[172499393, 4193783919, 12]
[1184482180, 2684226096, 12]
[2210831660, 4191942123, 12]
[3460120695, 271179262, 12]
[3257302504, 599917316, 12]
[3526020096, 1597907758, 12]
[2159604998, 1665401424, 12]
[19983953, 2206204491, 12]
[3723312463, 34066466, 12]
[2719590368, 2284564461, 12]
[2219221219, 4210293259, 12]
[2140035515, 3186884862, 12]
[3149412523, 49673704, 12]
[1726715714, 44103648, 12]
[911221219, 788401930, 12]
[1468150342, 2148076464, 12]
[3028279700, 4202492926, 12]
[1329200584, 602608, 12]
[3962970581, 4287111280, 12]
[2269603858, 3622047236, 12]
[3889921301, 1475854370, 12]
[3967842834, 3272597785, 12]
[493739779, 1711471643, 12]
[1913081089, 2148279564, 12]
[3509850544, 274327680, 12]
[347717572, 4161597938, 12]
[184017865, 1793951663, 12]
[1879791494, 917247323, 12]
[3174659901, 1040320651, 12]
[518587116, 4160769672, 13]
[1620863315, 4069064960, 13]
[1124086285, 3957721080, 13]
[427526131, 1073726497, 13]
[2110821327, 4258530176, 13]
[2223503304, 2133005248, 13]
[4239808495, 3492284252, 13]
[620694575, 4274927618, 13]
[1386200016, 3218044800, 13]
[1992047798, 4270898681, 13]
[796431166, 36733120, 13]
[1810367135, 3679548798, 13]
[131669891, 2160061761, 13]
[3898080734, 2958049376, 13]
[187824099, 4093802568, 13]
[2298508168, 30496768, 13]
[1248632928, 4245033185, 13]
[48043100, 2163210232, 13]
[2239906491, 1477362624, 13]
[3845646106, 3748464768, 13]
[4210628084, 4023388168, 13]
[2113648041, 285999808, 13]
[4249546659, 2130703240, 13]
[440959471, 3489645791, 13]
[771723623, 4281872385, 13]
[4237470530, 3724543811, 13]
[695688510, 2684023039, 13]
[2197007105, 1879309184, 13]
[3441309442, 2332002306, 13]
[353208809, 2612604, 13]
[1234693597, 3757601024, 13]
[249491668, 2088074752, 13]
[2157059515, 33816721, 13]
[1407078076, 2047483904, 13]
[2405449365, 2059042306, 13]
[424095664, 2164277822, 13]
[2283091251, 4094083050, 13]
[1604634952, 4013883240, 13]
[1920847673, 223601665, 13]
[2639772942, 2684080256, 13]
[3135758263, 1601046528, 13]
[3925209807, 570442545, 13]
[177074947, 1996388224, 13]
[2217662380, 2116290173, 13]
[3505684714, 4159668860, 13]
[1375606708, 4292729648, 13]
[3253004292, 1140194528, 13]
[1630236613, 3489070443, 13]
[3621844890, 2041561090, 13]
[3226647366, 168689534, 13]
[698294319, 1778367475, 13]
[3308794338, 1877958112, 13]
[3792331343, 1778896939, 13]
[2843824495, 3430347040, 13]
[2549667297, 3816996863, 13]
[1085267728, 779114591, 13]
[3110125148, 4244697344, 13]
[3679861702, 1475676076, 13]
[482321021, 338177545, 14]
[4028151384, 883589149, 14]
[3764386427, 3858038516, 14]
[1253024414, 67078271, 14]
[1643783492, 4285280240, 14]
[2142027401, 898367402, 14]
[278126697, 2118025440, 14]
[713150769, 2113946544, 14]
[2672015515, 251067904, 14]
[300417647, 2666999808, 14]
[1034912191, 4261806976, 14]
[337963641, 3555205078, 14]
[176209144, 2011173124, 14]
[4093965183, 113450998, 14]
[3910500344, 33237104, 14]
[125887775, 2980058131, 14]
[3391486429, 1862143984, 14]
[282282518, 803219303, 14]
[3230687864, 1079377664, 14]
[2012019236, 2933964840, 14]
[2332110658, 2189510578, 14]
[1409305837, 15867904, 14]
[265068316, 3265364075, 14]
[3580823390, 1811904374, 14]
[2823094379, 4227580064, 14]
[2366697335, 4556776, 14]
[1448474428, 4093710216, 14]
[318493315, 3019382104, 14]
[293936175, 7347208, 14]
[3159797576, 164389109, 14]
[1370493569, 3506472096, 15]
[3109887992, 2151465992, 15]
[3162490048, 4276904108, 15]
[2978887039, 251692048, 15]
[3479198456, 2285928963, 15]
[4135854401, 4261933343, 15]
[295747800, 2092858370, 15]
[2368740324, 1095552, 15]
[3489902173, 1597538234, 15]
[2960390225, 3213065888, 15]
[1073003602, 83492848, 15]
[2686632165, 1693909010, 15]
[4279820398, 3771727448, 15]
[531114244, 1743238032, 15]
[2189799150, 2418279376, 15]
[2550641070, 2986098785, 15]
[3656318488, 2076064470, 16]
[314385544, 3422544358, 16]
[2106211779, 33293294, 16]
[2227671234, 369364475, 16]
[2824886352, 4093690121, 16]
[660352882, 2697969866, 16]
[3904625665, 1341642880, 16]
[1414535744, 2178555776, 16]
[2313284143, 4026483971, 16]
[3753767392, 296943524, 16]
[2014067421, 2142499552, 16]
[1864232703, 535567088, 16]
[419177976, 3487575680, 16]
[673367448, 2394963966, 16]
[2107171457, 1677458429, 16]
[4039169994, 3657439302, 16]
[2668114544, 2223046936, 17]
[552288094, 16449160, 17]
[1290272492, 4294690880, 17]
[1695794178, 530642912, 17]
[1635811940, 4278780926, 17]
[3674769650, 4250912781, 17]
[701667393, 3229631751, 17]
[217364993, 4009654296, 17]
[939797824, 1868426496, 17]
[165158178, 2546987056, 17]
[1389342655, 2147549824, 17]
[1701337328, 4263571187, 17]
[3912151408, 2080358016, 17]
[1339224408, 4273962878, 17]
[1158153746, 2566522960, 17]
[349192113, 8292225, 17]
[967180070, 291056, 18]
[2899378460, 3231938648, 18]
[4249757445, 3088055297, 18]
[4284219015, 3780640502, 18]
[35323133, 4160750344, 18]
[2902198260, 2132941920, 18]
[4026639889, 1074275972, 18]
[496209948, 4182260, 18]
[4109679600, 1612705352, 18]
[1485828640, 2148043738, 18]
[4265154492, 10485054, 18]
[3516940028, 2144568320, 18]
[2370241270, 1610358318, 18]
[2675667760, 3447783702, 18]
[2085879429, 66323576, 18]
[1004502958, 4193230928, 18]
[3689996504, 33529833, 18]
[67502966, 396713984, 19]
[3225285650, 543189520, 19]
[1587540546, 536280000, 19]
[2545930161, 1071582592, 19]
[81753114, 96470992, 19]
[3516401144, 1543382014, 19]
[1613307096, 2017394702, 19]
[8692805, 4193779525, 19]
[2450387968, 2030137984, 19]
[17737103, 3420978788, 19]
[97539457, 2482499448, 19]
[1608275628, 2078343176, 19]
[491486706, 1342158695, 19]
[1316877299, 131826688, 20]
[4208000466, 4219467653, 20]
[2440808699, 285639680, 20]
[839433196, 1610592204, 20]
[3807449066, 4290758680, 20]
[802943167, 2404941824, 21]
[2313240286, 2151411716, 21]
[2636246792, 3723556796, 21]
[442497304, 169144068, 21]
[2804384256, 101258352, 21]
[103796343, 4274524288, 21]
[1605796609, 946274196, 21]
[3221674226, 4229038091, 21]
[3322408692, 4257189900, 21]
[1544224740, 4228210720, 21]
[2114624384, 4192120843, 22]
[16162648, 3552575968, 22]
[6918757, 2163736772, 22]
[2180384117, 2895556632, 22]
[75102469, 134744256, 22]
[2661332994, 1747202372, 23]
[1157873184, 2235588318, 23]
[2776662984, 4293855060, 24]
[3629421572, 1608499039, 24]
[2145904629, 2279866394, 24]
[2143247312, 391380849, 24]
[807410108, 3483402272, 25]
[2967338872, 4294827440, 25]
[1174425614, 1615827008, 25]
[3212119031, 2696806664, 25]
[3842111492, 537905168, 25]
[2961215355, 3473374943, 26]
[2686476571, 2118582271, 26]
[4274254120, 1480588762, 26]
[1043316496, 4252894337, 27]
[4160425008, 3758112760, 27]
[2948611521, 32364030, 27]
[1007019766, 934240288, 27]
[201768600, 50323444, 27]
[387262420, 4288658808, 28]
[4167498272, 3943164874, 28]
[549323294, 4244962814, 28]
[3207463519, 50200114, 28]
[4174906396, 532679936, 29]
[3161457799, 4293789312, 32]
[908301, 1450704895, 33]
[1478991614, 2793684988, 33]
[670696179, 134758400, 36]
[2277935152, 3221274513, 36]
[3221488389, 4229038072, 37]
[98050369, 34082753, 39]
[2663579852, 337706496, 39]
[3388994688, 3766567616, 39]
[803044256, 2125234172, 40]
[221921534, 4159708682, 42]
[4283950740, 2082472254, 44]
[2049835017, 4159962240, 46]
[1006662714, 4291796993, 47]
[3724050321, 4228370420, 48]
[4118356012, 4286582974, 48]
[3222536698, 335937496, 63]
[2078934336, 4194040436, 79]
[2234448640, 1610876990, 117]
[3287806720, 4156514320, 198]
