[2252853878, 2350645427, 6, 2, 2, 2]
[2923258955, 74310492, 6, 2, 2, 2]
[2833624335, 1500967315, 6, 2, 2, 2]
[3068802509, 2511912476, 6, 2, 2, 2]
[2844494681, 4047952941, 6, 2, 2, 2]
[2636667431, 441716133, 6, 2, 2, 2]
[1429024667, 170992102, 6, 2, 2, 2]
[1808602831, 301614567, 6, 2, 2, 2]
[4014950995, 2155337900, 6, 2, 2, 2]
[3669698803, 3588421456, 6, 2, 2, 2]
[412754789, 2740653016, 6, 2, 2, 2]
[1801743774, 2999718165, 6, 2, 2, 2]
[1854326065, 439097170, 6, 2, 2, 2]
[3108718821, 761511346, 6, 2, 2, 2]
[2962409239, 2938601149, 6, 2, 2, 2]
[2758620714, 1272886221, 6, 2, 2, 2]
[2881268521, 394753543, 6, 2, 2, 2]
[613367203, 3685549802, 6, 2, 2, 2]
[682903981, 2247605788, 6, 2, 2, 2]
[2509540211, 1920161257, 6, 2, 2, 2]
[2999403573, 9575927, 6, 2, 2, 2]
[303507225, 2585098932, 6, 2, 2, 2]
[221627721, 68683070, 6, 2, 2, 2]
[2971087173, 1118971933, 6, 2, 2, 2]
[2521095526, 2856587194, 6, 2, 2, 2]
[3520748467, 3153296114, 6, 2, 2, 2]
[1995029855, 2581334025, 6, 2, 2, 2]
[2846669242, 1075384227, 6, 2, 2, 2]
[4040841881, 555210800, 6, 2, 2, 2]
[3100726261, 1380145314, 6, 2, 2, 2]
[2807129354, 380902091, 6, 2, 2, 2]
[1691157327, 257305947, 6, 2, 2, 2]
[3632845993, 3908375551, 6, 2, 2, 2]
[1413821364, 2197518602, 6, 2, 2, 2]
[1522765465, 2956068967, 6, 2, 2, 2]
[552825109, 1268185184, 6, 2, 2, 2]
[1673998799, 914422245, 6, 2, 2, 2]
[2971356563, 2323915581, 6, 2, 2, 2]
[1415886065, 1391688125, 6, 2, 2, 2]
[426552727, 2029522718, 6, 2, 2, 2]
[3600202395, 2459968507, 6, 2, 2, 2]
[561845450, 3174520153, 6, 2, 2, 2]
[685532019, 4153032275, 6, 2, 2, 2]
[3044447378, 839659909, 6, 2, 2, 2]
[1156428443, 1016985606, 6, 2, 2, 2]
[960292626, 4288982520, 6, 2, 2, 2]
[3888428759, 2815429864, 6, 2, 2, 2]
[3988299954, 2905504901, 6, 2, 2, 2]
[2203948245, 705954208, 6, 2, 2, 2]
[3954537010, 3199656103, 6, 2, 2, 2]
[1700557989, 3806739434, 6, 2, 2, 2]
[2809596571, 4213926934, 6, 2, 2, 2]
[3340352211, 782063654, 6, 2, 2, 2]
[1494180775, 3878508527, 6, 2, 2, 2]
[849142601, 2759332064, 6, 2, 2, 2]
[2468113264, 2671713695, 6, 2, 2, 2]
[2661642635, 4235131873, 6, 2, 2, 2]
[1399486198, 3581298413, 6, 2, 2, 2]
[361388701, 115325933, 6, 2, 2, 2]
[1492079208, 335304711, 6, 2, 2, 2]
[2270074677, 2958821284, 6, 2, 2, 2]
[277132507, 1621262099, 6, 2, 2, 2]
[1836145815, 2701399363, 6, 2, 2, 2]
[3122203823, 2863056084, 6, 2, 2, 2]
[1113377603, 3281650122, 6, 2, 2, 2]
[3999647434, 2625640008, 6, 2, 2, 2]
[3698709175, 2637078366, 6, 2, 2, 2]
[3519616424, 1981919273, 6, 2, 2, 2]
[3012303564, 175775550, 6, 2, 2, 2]
[2318181241, 3401314331, 6, 2, 2, 2]
[726612749, 3434618624, 6, 2, 2, 2]
[2377685711, 1064569078, 6, 2, 2, 2]
[2001574757, 824445891, 6, 2, 2, 2]
[3860219542, 4212748484, 6, 2, 2, 2]
[3470677076, 2999551189, 6, 2, 2, 2]
[1171665330, 631199297, 6, 2, 2, 2]
[4087731789, 2596274773, 6, 2, 2, 2]
[2760128791, 1449369901, 6, 2, 2, 2]
[1178700968, 138805932, 6, 2, 2, 2]
[2990046893, 3211219137, 6, 2, 2, 2]
[2378160789, 1633113664, 6, 2, 2, 2]
[3475646181, 1668163588, 6, 2, 2, 2]
[961091117, 395192546, 6, 2, 2, 2]
[3562459594, 1241391265, 6, 2, 2, 2]
[294997806, 1641120762, 6, 2, 2, 2]
[2294756973, 739498161, 6, 2, 2, 2]
[902129049, 3933698544, 6, 2, 2, 2]
[3527557422, 25131055, 6, 2, 2, 2]
[1298811116, 3930332123, 6, 2, 2, 2]
[2773691782, 3282110565, 6, 2, 2, 2]
[714665801, 46749034, 6, 2, 2, 2]
[3882625767, 3321039876, 6, 2, 2, 2]
[1679920751, 736889591, 6, 2, 2, 2]
[1112104370, 931003749, 6, 2, 2, 2]
[2589208926, 2890133096, 6, 2, 2, 2]
[776263897, 849811991, 6, 2, 2, 2]
[2807711963, 411451136, 6, 2, 2, 2]
[1043545742, 781135768, 6, 2, 2, 2]
[1402499563, 2414836738, 6, 2, 2, 2]
[2981651816, 2913207795, 6, 2, 2, 2]
[1403861681, 2220799184, 6, 2, 2, 2]
[1379050469, 3080980788, 6, 2, 2, 2]
[901541417, 2693486029, 6, 2, 2, 2]
[3469158874, 1123733056, 6, 2, 2, 2]
[841490070, 2218789263, 6, 2, 2, 2]
[619480653, 589472121, 6, 2, 2, 2]
[2318086309, 4091460303, 6, 2, 2, 2]
[2932462951, 2033800953, 6, 2, 2, 2]
[1487843015, 544456473, 6, 2, 2, 2]
[4141465939, 2338325306, 6, 2, 2, 2]
[4139099943, 2552236416, 6, 2, 2, 2]
[841712809, 3633284343, 6, 2, 2, 2]
[2443823219, 2037613690, 6, 2, 2, 2]
[1422621161, 1359094220, 6, 2, 2, 2]
[3167626787, 2667184549, 6, 2, 2, 2]
[1225657642, 2263477888, 6, 2, 2, 2]
[969335302, 2948552210, 6, 2, 2, 2]
[1126496567, 236062788, 6, 2, 2, 2]
[227339590, 570426492, 6, 2, 2, 2]
[709633366, 4084920448, 6, 2, 2, 2]
[849134831, 3883631586, 6, 2, 2, 2]
[1562232292, 549615504, 6, 2, 2, 2]
[3643126313, 2869434350, 6, 2, 2, 2]
[2396337383, 2934537726, 6, 2, 2, 2]
[3450418493, 235528934, 6, 2, 2, 2]
[925191718, 1288919027, 6, 2, 2, 2]
[1423227121, 2275157450, 6, 2, 2, 2]
[2665143771, 2042167803, 6, 2, 2, 2]
[1484367383, 3410837825, 6, 2, 2, 2]
[2439836561, 1781272283, 6, 2, 2, 2]
[3878449015, 250069562, 6, 2, 2, 2]
[325473453, 318234795, 6, 2, 2, 2]
[3148245141, 982123639, 6, 2, 2, 2]
[3375781416, 1612195070, 6, 2, 2, 2]
[3091632817, 2348859567, 6, 2, 2, 2]
[2461459291, 3069971688, 6, 2, 2, 2]
[1422576826, 3021017510, 6, 2, 2, 2]
[1588286697, 1956053463, 6, 2, 2, 2]
[2570289255, 2708585761, 6, 2, 2, 2]
[230763739, 1001915858, 6, 2, 2, 2]
[2439697565, 755769948, 6, 2, 2, 2]
[2539968663, 336347397, 6, 2, 2, 2]
[1909165542, 1471416005, 6, 2, 2, 2]
[2900125417, 3933908216, 6, 2, 2, 2]
[3344259642, 3559342166, 6, 2, 2, 2]
[3768898345, 4257022214, 6, 2, 2, 2]
[2938559749, 3381833098, 6, 2, 2, 2]
[1855239460, 2136048673, 6, 2, 2, 2]
[1025909339, 383167200, 6, 2, 2, 2]
[649634611, 4260871667, 6, 2, 2, 2]
[1756669018, 600545386, 6, 2, 2, 2]
[858171963, 1707313148, 6, 2, 2, 2]
[4237201317, 1412432220, 6, 2, 2, 2]
[447101368, 1712306080, 6, 2, 2, 2]
[659862248, 2378154281, 6, 2, 2, 2]
[2379341085, 3576955764, 6, 2, 2, 2]
[735720140, 2180636680, 6, 2, 2, 2]
[4072041809, 928516500, 6, 2, 2, 2]
[1490260441, 1656182776, 6, 2, 2, 2]
[1973537971, 3497791353, 6, 2, 2, 2]
[2637383525, 1393798745, 6, 2, 2, 2]
[874204861, 21520438, 6, 2, 2, 2]
[562776665, 3962024253, 6, 2, 2, 2]
[1218891958, 1714654235, 6, 2, 2, 2]
[901986839, 3000542798, 6, 2, 2, 2]
[723439283, 771765453, 6, 2, 2, 2]
[1201095576, 3376332535, 6, 2, 2, 2]
[3146337998, 801903639, 6, 2, 2, 2]
[1741197971, 1810638434, 6, 2, 2, 2]
[3005901876, 1996533261, 6, 2, 2, 2]
[2185474726, 2892235240, 6, 2, 2, 2]
[2832511452, 2020223009, 6, 2, 2, 2]
[2753238796, 1448855952, 6, 2, 2, 2]
[1278059059, 3417733646, 6, 2, 2, 2]
[1235855559, 742605687, 6, 2, 2, 2]
[2607604579, 2225538848, 6, 2, 2, 2]
[786619515, 2542979060, 6, 2, 2, 2]
[2039826777, 2479097553, 6, 2, 2, 2]
[4137431665, 4231005126, 6, 2, 2, 2]
[2526551405, 517533952, 7, 3, 2, 2]
[2937402073, 3559532544, 7, 3, 2, 2]
[3694533245, 4275522013, 7, 3, 2, 2]
[974770907, 1751617451, 7, 3, 2, 2]
[1670762721, 2130772538, 7, 3, 2, 2]
[1016745516, 518650000, 7, 3, 2, 2]
[925243818, 1391069576, 7, 3, 2, 2]
[3692840778, 334689858, 7, 3, 2, 2]
[2619714215, 4207960148, 7, 3, 2, 2]
[1895016793, 3580461573, 7, 3, 2, 2]
[1592480470, 1397030505, 7, 3, 2, 2]
[382272965, 3229074152, 7, 3, 2, 2]
[310257818, 2972195882, 7, 3, 2, 2]
[897754369, 1678110481, 7, 3, 2, 2]
[1689393505, 4157019936, 7, 3, 2, 2]
[2425861235, 2815066416, 7, 3, 2, 2]
[3092620394, 1369718959, 7, 3, 2, 2]
[195344807, 3417841961, 7, 3, 2, 2]
[2373038281, 637260142, 7, 3, 2, 2]
[304633509, 1074365248, 7, 3, 2, 2]
[4183993486, 2148393976, 7, 3, 2, 2]
[1189047121, 2684272193, 7, 3, 2, 2]
[575009255, 3657872, 7, 3, 2, 2]
[3714367790, 3761571979, 7, 3, 2, 2]
[3601244573, 872182098, 7, 3, 2, 2]
[3521272682, 3673567288, 7, 3, 2, 2]
[1996702117, 2084490503, 7, 3, 2, 2]
[172503449, 2856849540, 7, 3, 2, 2]
[953062839, 3658091371, 7, 3, 2, 2]
[3316937346, 401740079, 7, 3, 2, 2]
[951199653, 1452862889, 7, 3, 2, 2]
[3419945414, 2060443659, 7, 3, 2, 2]
[3382930835, 776867563, 7, 3, 2, 2]
[3815117193, 1759519691, 7, 3, 2, 2]
[726311727, 3795657211, 7, 3, 2, 2]
[1479095085, 3732862213, 7, 3, 2, 2]
[856394511, 3623344132, 7, 3, 2, 2]
[743910225, 2713591453, 7, 3, 2, 2]
[4053777075, 4275574528, 7, 3, 2, 2]
[2813900585, 3946725548, 7, 3, 2, 2]
[1571609711, 765349977, 7, 3, 2, 2]
[1390028468, 4288956560, 7, 3, 2, 2]
[106052821, 3973582568, 7, 3, 2, 2]
[3432117351, 4291944688, 7, 3, 2, 2]
[767067467, 4160414524, 7, 3, 2, 2]
[3686879191, 4290757122, 7, 3, 2, 2]
[2644828886, 2426679128, 7, 3, 2, 2]
[1381358834, 3602085461, 7, 3, 2, 2]
[1171498199, 142599274, 7, 3, 2, 2]
[2728936790, 17235008, 7, 3, 2, 2]
[3307879862, 2142898361, 7, 3, 2, 2]
[3904810255, 2013282563, 7, 3, 2, 2]
[326880371, 3494217062, 7, 3, 2, 2]
[1036237259, 1803944600, 7, 3, 2, 2]
[3563953003, 2949243204, 7, 3, 2, 2]
[3455639218, 1298378836, 7, 3, 2, 2]
[1869060687, 930971375, 7, 3, 2, 2]
[1894863901, 1304696833, 7, 3, 2, 2]
[1256779543, 2138955070, 7, 3, 2, 2]
[3063597307, 1827114710, 7, 3, 2, 2]
[1200008523, 2870348886, 7, 3, 2, 2]
[291064029, 1661458307, 7, 3, 2, 2]
[3445447628, 2692714820, 7, 3, 2, 2]
[3391043782, 2073423872, 7, 3, 2, 2]
[1214330482, 4255072513, 7, 3, 2, 2]
[1918995569, 2065333916, 7, 3, 2, 2]
[4175113551, 2096211958, 7, 3, 2, 2]
[907037929, 1556116594, 7, 3, 2, 2]
[2367853730, 1448446077, 7, 3, 2, 2]
[4141974233, 3897036052, 7, 3, 2, 2]
[2593009036, 3699437320, 7, 3, 2, 2]
[2987634374, 2282672112, 7, 3, 2, 2]
[894197156, 889594366, 7, 3, 2, 2]
[3164677445, 1194355743, 7, 3, 2, 2]
[3399777522, 366184541, 7, 3, 2, 2]
[1280543321, 3682738076, 7, 3, 2, 2]
[439804719, 234865524, 7, 3, 2, 2]
[303940497, 86342392, 7, 3, 2, 2]
[947590466, 570557476, 7, 3, 2, 2]
[3385152501, 807898980, 7, 3, 2, 2]
[1683838351, 4014169859, 7, 3, 2, 2]
[2902677707, 3759339564, 7, 3, 2, 2]
[1761824588, 1067165665, 7, 3, 2, 2]
[122321363, 2944404470, 7, 3, 2, 2]
[2380605838, 3976835021, 7, 3, 2, 2]
[107917591, 3431114243, 7, 3, 2, 2]
[2385171148, 1581322247, 7, 3, 2, 2]
[3529342232, 245395205, 7, 3, 2, 2]
[2740220109, 4157538535, 7, 3, 2, 2]
[1125034823, 1116555269, 7, 3, 2, 2]
[1398486807, 3204062750, 7, 3, 2, 2]
[1525974691, 3887532004, 7, 3, 2, 2]
[3391992927, 1617039549, 7, 3, 2, 2]
[626631078, 2024776204, 7, 3, 2, 2]
[3693423661, 530596987, 7, 3, 2, 2]
[3009774683, 3346915546, 7, 3, 2, 2]
[1244785839, 4291588112, 7, 3, 2, 2]
[291933670, 2097158007, 7, 3, 2, 2]
[1495352475, 2075677184, 7, 3, 2, 2]
[1218509992, 2767852016, 7, 3, 2, 2]
[1087017390, 1247766379, 7, 3, 2, 2]
[3191490455, 1946199128, 7, 3, 2, 2]
[3593681578, 1005547425, 7, 3, 2, 2]
[2568357079, 1648823985, 7, 3, 2, 2]
[4075498169, 3546815813, 7, 3, 2, 2]
[2900127319, 2063736476, 7, 3, 2, 2]
[2251700763, 3187929148, 7, 3, 2, 2]
[2612374962, 629082879, 7, 3, 2, 2]
[3822378718, 2134581234, 7, 3, 2, 2]
[2733124433, 6014912, 7, 3, 2, 2]
[3696384479, 698654869, 7, 3, 2, 2]
[2431969745, 3263594849, 7, 3, 2, 2]
[2295552910, 873195366, 7, 3, 2, 2]
[3110533614, 2194632896, 7, 3, 2, 2]
[1254720181, 4162383372, 7, 3, 2, 2]
[334057159, 3366461460, 7, 3, 2, 2]
[3361190806, 3735306368, 7, 3, 2, 2]
[4130428206, 966477001, 7, 3, 2, 2]
[360794951, 3791660014, 7, 3, 2, 2]
[989614781, 881723351, 7, 3, 2, 2]
[3197344882, 4027973183, 7, 3, 2, 2]
[2050631465, 328986472, 7, 3, 2, 2]
[3852165778, 67090169, 7, 3, 2, 2]
[3079179310, 4289675585, 7, 3, 2, 2]
[3931469042, 165998304, 7, 3, 2, 2]
[3692446635, 1577214040, 7, 3, 2, 2]
[291683223, 1325936958, 7, 3, 2, 2]
[194164019, 1932102629, 7, 3, 2, 2]
[3698682262, 3046618091, 7, 3, 2, 2]
[294840037, 4260351761, 7, 3, 2, 2]
[2473669647, 3086229225, 7, 3, 2, 2]
[4238987571, 2172127165, 7, 3, 2, 2]
[121005463, 3937823562, 7, 3, 2, 2]
[3333381287, 1102027777, 7, 3, 2, 2]
[2338916849, 3623084344, 7, 3, 2, 2]
[2919978395, 2959047421, 7, 3, 2, 2]
[3682348634, 2046516997, 7, 3, 2, 2]
[1868204677, 3806231994, 7, 3, 2, 2]
[1967666779, 2685040512, 7, 3, 2, 2]
[3387800751, 2334257128, 7, 3, 2, 2]
[2380877162, 2503836906, 7, 3, 2, 2]
[1121148188, 687474718, 7, 3, 2, 2]
[1662085685, 3487497122, 7, 3, 2, 2]
[3668142883, 3516428051, 7, 3, 2, 2]
[2376570109, 4258298816, 7, 3, 2, 2]
[1313319600, 3246490765, 7, 3, 2, 2]
[2445531964, 383168419, 7, 3, 2, 2]
[2325048277, 2325693415, 7, 3, 2, 2]
[1191593518, 1883134000, 7, 3, 2, 2]
[421967966, 2132813839, 7, 3, 2, 2]
[830630886, 4264880464, 7, 3, 2, 2]
[1239260246, 75886514, 7, 3, 2, 2]
[1837767825, 467295234, 7, 3, 2, 2]
[2861741006, 3220246692, 7, 3, 2, 2]
[74609005, 1070953468, 7, 3, 2, 2]
[219631306, 1657790974, 7, 3, 2, 2]
[2006045221, 1186381567, 7, 3, 2, 2]
[3095841603, 520057855, 7, 3, 2, 2]
[1840673614, 578872827, 7, 3, 2, 2]
[3007243925, 3446189535, 7, 3, 2, 2]
[2064758389, 1077463037, 7, 3, 2, 2]
[1579390155, 4162911479, 7, 3, 2, 2]
[3845822598, 1732233300, 7, 3, 2, 2]
[1998234679, 2127730697, 7, 3, 2, 2]
[113723721, 3396680630, 7, 3, 2, 2]
[942559938, 3111469055, 7, 3, 2, 2]
[915089611, 269007851, 7, 3, 2, 2]
[3743187545, 2135447544, 7, 3, 2, 2]
[1191228567, 4292024318, 7, 3, 2, 2]
[1054020171, 262013480, 7, 3, 2, 2]
[3336019523, 3222617364, 7, 3, 2, 2]
[2034842989, 2199034858, 7, 3, 2, 2]
[2832436088, 3758236972, 7, 3, 2, 2]
[3114206151, 4228463536, 7, 3, 2, 2]
[3199322453, 3216376829, 7, 3, 2, 2]
[1490738577, 2260903929, 7, 3, 2, 2]
[2825581523, 4026056408, 7, 3, 2, 2]
[1233993384, 25240547, 7, 3, 2, 2]
[492332182, 2171612991, 7, 3, 2, 2]
[524709715, 3306356338, 8, 3, 3, 2]
[565221283, 1356353630, 8, 3, 3, 2]
[846074077, 2147777510, 8, 3, 3, 2]
[623090452, 3981457301, 8, 3, 3, 2]
[3103086263, 4027366831, 8, 3, 3, 2]
[3725964855, 401933482, 8, 3, 3, 2]
[2461182074, 4136880248, 8, 3, 3, 2]
[3093732925, 33319493, 8, 3, 3, 2]
[4031007963, 1268246130, 8, 3, 3, 2]
[3601884826, 100888963, 8, 3, 3, 2]
[690955560, 9749016, 8, 3, 3, 2]
[563217754, 2536550720, 8, 3, 3, 2]
[2749494739, 1640144, 8, 3, 3, 2]
[3425800523, 2384338978, 8, 3, 3, 2]
[1932596535, 2012788942, 8, 3, 3, 2]
[2071836015, 1949039192, 8, 4, 2, 2]
[3875053941, 3265118603, 8, 3, 3, 2]
[2320839655, 2688500690, 8, 3, 3, 2]
[2401781721, 3603006159, 8, 3, 3, 2]
[1381940283, 40445695, 8, 3, 3, 2]
[373879261, 1615333122, 8, 3, 3, 2]
[1389653706, 4257253472, 8, 3, 3, 2]
[2298365521, 1693587518, 8, 3, 3, 2]
[2020765405, 172749864, 8, 3, 3, 2]
[2601651031, 1116276740, 8, 3, 3, 2]
[2672133663, 895942527, 8, 3, 3, 2]
[2307884187, 236174304, 8, 3, 3, 2]
[2225287763, 738632342, 8, 3, 3, 2]
[990799245, 3238502832, 8, 3, 3, 2]
[2730756277, 811874176, 8, 3, 3, 2]
[3692875470, 2113914440, 8, 3, 3, 2]
[118395759, 579340277, 8, 3, 3, 2]
[3108637107, 3279810670, 8, 3, 3, 2]
[714318993, 3141656477, 8, 3, 3, 2]
[1015919363, 1741201120, 8, 3, 3, 2]
[1177495362, 1720138649, 8, 3, 3, 2]
[2736245585, 4046911584, 8, 3, 3, 2]
[1466175189, 1480518682, 8, 3, 3, 2]
[1786174355, 4160076821, 8, 3, 3, 2]
[2902642281, 2063736138, 8, 3, 3, 2]
[2803705307, 760702912, 8, 3, 3, 2]
[2819986213, 3919125107, 8, 3, 3, 2]
[148709678, 4294655563, 8, 3, 3, 2]
[869397807, 268483024, 8, 3, 3, 2]
[3260570931, 1601567616, 8, 3, 3, 2]
[2352713223, 4089547276, 8, 3, 3, 2]
[3362665341, 553677885, 8, 3, 3, 2]
[986198388, 3642729007, 8, 3, 3, 2]
[1488260700, 2197745440, 8, 3, 3, 2]
[3709509142, 4176279461, 8, 3, 3, 2]
[609095132, 1061704707, 8, 3, 3, 2]
[1131450902, 4048576891, 8, 3, 3, 2]
[2089321625, 3811939326, 8, 3, 3, 2]
[893580616, 706089452, 8, 3, 3, 2]
[3447149904, 739802132, 8, 3, 3, 2]
[1897345337, 2314475532, 8, 4, 2, 2]
[914010964, 2379878164, 8, 3, 3, 2]
[297197670, 25171516, 8, 3, 3, 2]
[238394562, 537063376, 8, 3, 3, 2]
[2942988044, 400589388, 8, 3, 3, 2]
[366145949, 2198016123, 8, 3, 3, 2]
[1111056025, 2767325545, 8, 3, 3, 2]
[650294603, 1900397678, 8, 3, 3, 2]
[2714126499, 4267770737, 8, 3, 3, 2]
[543458149, 1663685628, 8, 3, 3, 2]
[1221769029, 2309662, 8, 3, 3, 2]
[4061484423, 1140857526, 8, 3, 3, 2]
[3113163426, 1829113632, 8, 3, 3, 2]
[1982721125, 2029788288, 8, 3, 3, 2]
[192185383, 3779229862, 8, 3, 3, 2]
[3001342163, 681458971, 8, 3, 3, 2]
[868800068, 2132309134, 8, 3, 3, 2]
[4090795319, 731389927, 8, 3, 3, 2]
[1449678997, 3229544641, 8, 3, 3, 2]
[1197176187, 3221883783, 8, 3, 3, 2]
[832179145, 503437060, 8, 3, 3, 2]
[1754319473, 1081406462, 8, 3, 3, 2]
[1329117558, 2352775536, 8, 3, 3, 2]
[2205837339, 794440697, 8, 3, 3, 2]
[216581548, 2086674100, 8, 3, 3, 2]
[1482374813, 4278261152, 8, 3, 3, 2]
[1806453906, 19645984, 8, 3, 3, 2]
[3681462424, 1946181344, 8, 3, 3, 2]
[693565542, 3959429024, 8, 3, 3, 2]
[1363638519, 201189492, 8, 3, 3, 2]
[3982445902, 3414591606, 8, 3, 3, 2]
[1400649039, 1875058432, 8, 3, 3, 2]
[3461560520, 31477626, 8, 4, 2, 2]
[2729616973, 803142556, 8, 3, 3, 2]
[3902228283, 2073398292, 8, 3, 3, 2]
[2670006885, 1930834800, 8, 3, 3, 2]
[206639342, 4197136860, 8, 3, 3, 2]
[2771141740, 159420891, 8, 3, 3, 2]
[466162545, 2688442110, 8, 3, 3, 2]
[377195446, 562360525, 8, 3, 3, 2]
[3584087261, 3758917902, 8, 3, 3, 2]
[429455502, 14479630, 8, 3, 3, 2]
[664755477, 3354902308, 8, 3, 3, 2]
[2268501627, 326713900, 8, 3, 3, 2]
[3058360582, 3797028988, 8, 3, 3, 2]
[294047153, 2088861066, 8, 3, 3, 2]
[443070096, 1065676606, 8, 3, 3, 2]
[2888420754, 1963319414, 8, 3, 3, 2]
[1389404753, 4270552960, 8, 3, 3, 2]
[480712921, 1149775078, 8, 3, 3, 2]
[417149364, 4032839234, 8, 3, 3, 2]
[3448458529, 3691021302, 8, 3, 3, 2]
[3055006625, 3691550079, 8, 3, 3, 2]
[1415062989, 560286867, 8, 3, 3, 2]
[2772791757, 3223777144, 8, 3, 3, 2]
[1486548437, 2147008162, 8, 3, 3, 2]
[3200559817, 1631714870, 8, 3, 3, 2]
[1706346865, 1681144240, 8, 3, 3, 2]
[3325753422, 3146384864, 8, 3, 3, 2]
[3134043934, 3088014848, 8, 3, 3, 2]
[3358419834, 1965945385, 8, 3, 3, 2]
[3710127017, 3477590400, 8, 3, 3, 2]
[942336750, 3394977813, 8, 3, 3, 2]
[3687450873, 667958739, 8, 3, 3, 2]
[2935624499, 2540836897, 8, 3, 3, 2]
[1160785265, 1059610368, 8, 3, 3, 2]
[488234109, 1005080952, 8, 3, 3, 2]
[1952371156, 3164675958, 8, 3, 3, 2]
[597868335, 267188486, 8, 3, 3, 2]
[3829012822, 378729972, 8, 3, 3, 2]
[2821853923, 3759914864, 8, 3, 3, 2]
[2599084975, 1450765719, 8, 3, 3, 2]
[812275855, 790135204, 8, 3, 3, 2]
[3392318240, 1654681509, 8, 3, 3, 2]
[1327017044, 3217345, 8, 3, 3, 2]
[2615223497, 2541199346, 8, 3, 3, 2]
[4233742095, 1746930688, 8, 3, 3, 2]
[490318041, 3193200907, 8, 3, 3, 2]
[340454677, 138928008, 8, 3, 3, 2]
[1755791649, 41795827, 8, 4, 2, 2]
[1294119300, 2146820612, 8, 3, 3, 2]
[377901806, 2944601839, 8, 3, 3, 2]
[2045882729, 3490869242, 8, 3, 3, 2]
[1894756695, 20807296, 8, 3, 3, 2]
[960685930, 1526067670, 8, 3, 3, 2]
[2898103714, 3580785173, 8, 3, 3, 2]
[3847621156, 2947553594, 8, 3, 3, 2]
[1865363403, 2222729190, 8, 3, 3, 2]
[1365609694, 2162305188, 8, 3, 3, 2]
[2792375453, 3828104174, 8, 3, 3, 2]
[850856403, 3436761440, 8, 3, 3, 2]
[1449953521, 2572794897, 8, 3, 3, 2]
[699690652, 2417894273, 8, 3, 3, 2]
[590955678, 2152531772, 8, 4, 2, 2]
[2745622074, 2955911288, 8, 3, 3, 2]
[2660422380, 38208481, 8, 3, 3, 2]
[714714511, 2969584623, 8, 3, 3, 2]
[868721132, 3488643488, 8, 3, 3, 2]
[2766584140, 2280716248, 8, 3, 3, 2]
[1116889903, 1193933824, 8, 3, 3, 2]
[1370278608, 765448065, 8, 3, 3, 2]
[1965333677, 3516485077, 8, 3, 3, 2]
[4116111189, 2898425632, 8, 3, 3, 2]
[4085118601, 2212498482, 9, 3, 3, 3]
[3994127748, 1792430100, 9, 3, 3, 3]
[2978166124, 2399154429, 9, 3, 3, 3]
[2433041936, 259053565, 9, 3, 3, 3]
[1548778198, 4158588452, 9, 3, 3, 3]
[1542591799, 620650510, 9, 3, 3, 3]
[3199547172, 857958506, 9, 3, 3, 3]
[3559231700, 2029641708, 9, 4, 3, 2]
[419053091, 287456656, 9, 3, 3, 3]
[1109445254, 2415002296, 9, 3, 3, 3]
[4057311248, 3060799595, 9, 3, 3, 3]
[1402699949, 99365936, 9, 3, 3, 3]
[622270320, 3963641184, 9, 3, 3, 3]
[2226592287, 1078507714, 9, 3, 3, 3]
[94981434, 2114982085, 9, 3, 3, 3]
[4097347313, 2332696464, 9, 3, 3, 3]
[4113195535, 2776108268, 9, 3, 3, 3]
[937240062, 768688090, 9, 3, 3, 3]
[2728215934, 3827585290, 9, 3, 3, 3]
[956714904, 21020016, 9, 3, 3, 3]
[2982685737, 3741181824, 9, 3, 3, 3]
[1130629178, 2946889856, 9, 3, 3, 3]
[2306097977, 4252059273, 9, 3, 3, 3]
[2198330764, 3558081816, 9, 3, 3, 3]
[3721800755, 1550331726, 9, 3, 3, 3]
[1374385647, 1340045415, 9, 3, 3, 3]
[1909592788, 4131134004, 9, 3, 3, 3]
[2511228200, 553706564, 9, 3, 3, 3]
[3496835174, 3390013107, 9, 3, 3, 3]
[1579610892, 1557417984, 9, 3, 3, 3]
[2488911589, 272900362, 9, 3, 3, 3]
[1757753313, 4269576, 9, 3, 3, 3]
[1730896654, 4119603063, 9, 3, 3, 3]
[1424729583, 2903996456, 9, 3, 3, 3]
[980792544, 1510759520, 9, 3, 3, 3]
[2540735270, 2838255728, 9, 3, 3, 3]
[3948665991, 890336382, 9, 3, 3, 3]
[3980330603, 3958909024, 9, 3, 3, 3]
[946890270, 2132361088, 9, 3, 3, 3]
[2747596615, 1727815896, 9, 3, 3, 3]
[377109325, 100025366, 9, 3, 3, 3]
[798399594, 200311049, 9, 3, 3, 3]
[2095601363, 2925055661, 9, 3, 3, 3]
[2052970006, 4001099516, 9, 3, 3, 3]
[452445941, 2145712192, 9, 3, 3, 3]
[984078648, 2420032525, 9, 3, 3, 3]
[1779940393, 2118919360, 9, 3, 3, 3]
[2372845026, 266482722, 9, 3, 3, 3]
[3699512098, 2950832, 9, 3, 3, 3]
[977567546, 633573456, 9, 3, 3, 3]
[3896092450, 2662350715, 9, 3, 3, 3]
[55188337, 3880780640, 9, 3, 3, 3]
[3206831299, 4194172155, 9, 3, 3, 3]
[3485569397, 269362684, 9, 3, 3, 3]
[508520610, 2481992005, 9, 3, 3, 3]
[633399555, 3925798817, 9, 3, 3, 3]
[123398564, 344539392, 9, 3, 3, 3]
[3404135496, 1610621314, 9, 3, 3, 3]
[1943374182, 3640402003, 9, 3, 3, 3]
[125758221, 670045176, 9, 3, 3, 3]
[3502707626, 146505207, 9, 3, 3, 3]
[1766645736, 135545307, 9, 3, 3, 3]
[2842865887, 2331578070, 9, 3, 3, 3]
[2955360983, 3826352186, 9, 3, 3, 3]
[754639143, 3970205680, 9, 3, 3, 3]
[1147020658, 1443579, 9, 3, 3, 3]
[2502049073, 4028568010, 9, 3, 3, 3]
[960624994, 31958532, 9, 3, 3, 3]
[2161038259, 1074738350, 9, 3, 3, 3]
[691046958, 3262976768, 9, 4, 3, 2]
[2105338473, 230949889, 9, 3, 3, 3]
[319579770, 3217651703, 9, 3, 3, 3]
[3060837377, 1338527432, 9, 3, 3, 3]
[2073220650, 3094087064, 9, 3, 3, 3]
[3253919266, 1145963782, 9, 3, 3, 3]
[2375776323, 3238164210, 9, 3, 3, 3]
[4116560747, 3910668736, 9, 3, 3, 3]
[2263020072, 3476995672, 9, 3, 3, 3]
[3599434696, 2123697887, 9, 3, 3, 3]
[1143793068, 576675903, 9, 3, 3, 3]
[4183088791, 1296568153, 9, 3, 3, 3]
[620523631, 2063188732, 9, 3, 3, 3]
[1064660019, 979971091, 9, 3, 3, 3]
[2812993254, 1346649880, 9, 3, 3, 3]
[4180836065, 2286945834, 9, 3, 3, 3]
[2097530231, 1676936072, 9, 3, 3, 3]
[1780614850, 1966018552, 9, 3, 3, 3]
[3486296945, 1081137673, 9, 3, 3, 3]
[95345847, 58198320, 9, 3, 3, 3]
[1688951494, 1314977895, 9, 3, 3, 3]
[3960836321, 4045938627, 9, 3, 3, 3]
[2118010220, 1510027409, 9, 3, 3, 3]
[1456225681, 3670917688, 9, 3, 3, 3]
[1330506897, 545291760, 9, 3, 3, 3]
[2291975301, 1686552671, 9, 3, 3, 3]
[1516255070, 4288743681, 9, 3, 3, 3]
[4062847215, 2118130876, 9, 3, 3, 3]
[396327191, 3233922944, 9, 3, 3, 3]
[3114162353, 679972599, 9, 3, 3, 3]
[2103679958, 662439087, 9, 3, 3, 3]
[820836409, 3858634740, 9, 3, 3, 3]
[1471406756, 1342139328, 9, 3, 3, 3]
[1595254408, 1052836373, 9, 3, 3, 3]
[1875615908, 4261118059, 9, 3, 3, 3]
[3702763407, 2147367008, 9, 4, 3, 2]
[2388416772, 3220966262, 9, 3, 3, 3]
[3116447258, 2682807181, 9, 3, 3, 3]
[3487884383, 2963832821, 9, 3, 3, 3]
[2561286700, 333909529, 9, 3, 3, 3]
[3455006271, 866526404, 9, 3, 3, 3]
[1182915248, 4268243964, 9, 3, 3, 3]
[937931482, 477085769, 9, 3, 3, 3]
[2741894380, 4121175103, 9, 3, 3, 3]
[2089915862, 2257844347, 9, 4, 3, 2]
[2783092973, 4294720765, 9, 3, 3, 3]
[565804213, 3092795276, 9, 3, 3, 3]
[3491648727, 2389147651, 9, 3, 3, 3]
[4014580037, 4261947275, 9, 3, 3, 3]
[2735122630, 39778288, 9, 3, 3, 3]
[3471930742, 3220822063, 9, 3, 3, 3]
[3484216949, 2486730602, 9, 3, 3, 3]
[993189927, 2881357674, 9, 3, 3, 3]
[2255572640, 3260969220, 9, 3, 3, 3]
[1586730949, 3457954048, 9, 3, 3, 3]
[1261593473, 2549472791, 9, 3, 3, 3]
[1136040238, 1019502833, 9, 3, 3, 3]
[1740261560, 3390324853, 9, 3, 3, 3]
[864198821, 33573211, 9, 3, 3, 3]
[2331327844, 4251718011, 9, 3, 3, 3]
[3112086901, 3859465229, 9, 3, 3, 3]
[689788948, 3646963136, 9, 3, 3, 3]
[2640535247, 50057465, 9, 3, 3, 3]
[2135285345, 1493436371, 9, 3, 3, 3]
[1761378471, 1761355172, 9, 3, 3, 3]
[3279444025, 1339596490, 9, 3, 3, 3]
[502603482, 51400717, 9, 3, 3, 3]
[2659295079, 2961466403, 9, 3, 3, 3]
[2906500637, 2148042800, 9, 4, 3, 2]
[1541035202, 1606656003, 9, 3, 3, 3]
[1584676635, 1050608632, 9, 3, 3, 3]
[154164383, 1208051812, 9, 3, 3, 3]
[1805912846, 2688295072, 9, 3, 3, 3]
[3165055481, 2079197398, 9, 3, 3, 3]
[2422253166, 3267723136, 9, 3, 3, 3]
[153072336, 3188725632, 9, 3, 3, 3]
[2319876327, 2176926526, 9, 3, 3, 3]
[2982121027, 1058566271, 9, 3, 3, 3]
[1781663737, 4163642240, 9, 3, 3, 3]
[1454357809, 1568214721, 9, 3, 3, 3]
[4189356888, 1241605233, 9, 3, 3, 3]
[2001180226, 1146358681, 9, 3, 3, 3]
[817674379, 3959444390, 9, 3, 3, 3]
[1330360699, 2147095584, 9, 3, 3, 3]
[4114932390, 3540311338, 9, 3, 3, 3]
[722812779, 1431812086, 9, 3, 3, 3]
[3884920261, 2138587266, 9, 3, 3, 3]
[1641257285, 782171493, 9, 3, 3, 3]
[3397536113, 2766008046, 9, 3, 3, 3]
[2338807212, 606655, 9, 3, 3, 3]
[1786273078, 2551124229, 9, 3, 3, 3]
[648052048, 117456302, 9, 3, 3, 3]
[318211893, 1106779507, 9, 3, 3, 3]
[1910693979, 1254182870, 9, 3, 3, 3]
[3999098015, 2092268551, 9, 3, 3, 3]
[1130855644, 331741356, 9, 3, 3, 3]
[1506103052, 2822795340, 9, 3, 3, 3]
[2647964328, 3213643874, 9, 3, 3, 3]
[2356861439, 1297880041, 9, 3, 3, 3]
[3838994888, 2962388073, 9, 3, 3, 3]
[3034668472, 67183023, 9, 3, 3, 3]
[1248337060, 1623167232, 9, 3, 3, 3]
[218258759, 837289960, 9, 3, 3, 3]
[404053177, 532529201, 9, 3, 3, 3]
[1553997023, 3266994391, 9, 3, 3, 3]
[207822601, 3265798343, 9, 3, 3, 3]
[1670563576, 1191157583, 9, 3, 3, 3]
[357262064, 2823780241, 9, 3, 3, 3]
[1242739969, 1464995906, 9, 3, 3, 3]
[3541493906, 1098872889, 9, 3, 3, 3]
[3593831290, 2234393460, 9, 3, 3, 3]
[450297805, 3210754984, 9, 3, 3, 3]
[4055658683, 2163835744, 9, 3, 3, 3]
[2268215352, 1077886469, 9, 3, 3, 3]
[3335434277, 2164133502, 9, 3, 3, 3]
[51460437, 410519538, 9, 3, 3, 3]
[3812577904, 817896993, 9, 3, 3, 3]
[3400563144, 815796308, 9, 3, 3, 3]
[2971240897, 3052267509, 9, 3, 3, 3]
[44513460, 4168614979, 9, 3, 3, 3]
[423641522, 219738616, 9, 3, 3, 3]
[2803270450, 167526720, 9, 3, 3, 3]
[2960239467, 3827072738, 9, 3, 3, 3]
[2312469341, 1256276835, 9, 3, 3, 3]
[1161357172, 3917084500, 9, 3, 3, 3]
[405745566, 651149217, 9, 3, 3, 3]
[3404860110, 931166208, 9, 3, 3, 3]
[3389618732, 1239019501, 9, 3, 3, 3]
[1870961208, 302257867, 9, 3, 3, 3]
[1487967086, 3718004237, 9, 4, 3, 2]
[3567745326, 3196025024, 9, 3, 3, 3]
[1468277134, 737951976, 9, 3, 3, 3]
[3761593819, 789381224, 9, 3, 3, 3]
[782338690, 3119847299, 9, 3, 3, 3]
[3388716089, 239628278, 9, 3, 3, 3]
[651820239, 399522656, 9, 3, 3, 3]
[2493726631, 1126637689, 9, 3, 3, 3]
[3093360863, 2147193858, 9, 3, 3, 3]
[2307118423, 4051788800, 9, 3, 3, 3]
[1068997811, 915713221, 9, 3, 3, 3]
[2128309628, 2347504222, 9, 3, 3, 3]
[217479611, 6817809, 9, 3, 3, 3]
[3452118940, 192950102, 9, 3, 3, 3]
[2070399556, 502531046, 9, 3, 3, 3]
[2656439521, 2130773124, 9, 3, 3, 3]
[2618176639, 104620022, 9, 3, 3, 3]
[2251064054, 1072956935, 9, 3, 3, 3]
[3357879560, 1648377860, 9, 3, 3, 3]
[3029547538, 3085666191, 9, 3, 3, 3]
[2490945444, 3623513090, 9, 3, 3, 3]
[4265498781, 866124922, 9, 3, 3, 3]
[111393428, 2390756864, 9, 3, 3, 3]
[1873304719, 2692710272, 9, 3, 3, 3]
[480917635, 3034685603, 9, 3, 3, 3]
[903769129, 3171580, 9, 3, 3, 3]
[1472103276, 4057394336, 9, 3, 3, 3]
[1124218525, 2347539720, 9, 3, 3, 3]
[2980918911, 1895857166, 9, 3, 3, 3]
[3452111618, 3622850443, 9, 3, 3, 3]
[3639928399, 9977464, 9, 3, 3, 3]
[2790896414, 1481568436, 9, 3, 3, 3]
[3281895053, 2551580180, 9, 3, 3, 3]
[1860836215, 4168947680, 9, 3, 3, 3]
[4106847679, 168301376, 9, 3, 3, 3]
[1591465580, 2128675231, 9, 3, 3, 3]
[1769808794, 1760298781, 9, 3, 3, 3]
[3070121816, 1086373327, 9, 3, 3, 3]
[1626914095, 4096196234, 9, 3, 3, 3]
[2382860629, 1117335565, 9, 3, 3, 3]
[1501674710, 2151431216, 9, 3, 3, 3]
[303933583, 3225428867, 9, 3, 3, 3]
[1875972982, 1949047178, 9, 3, 3, 3]
[2664143234, 865666215, 9, 4, 3, 2]
[1099026615, 2139315248, 9, 3, 3, 3]
[4020878171, 1492653774, 9, 3, 3, 3]
[1462607214, 66831047, 9, 3, 3, 3]
[2505911880, 1946745856, 9, 3, 3, 3]
[1337900563, 2679668875, 9, 3, 3, 3]
[2789026692, 1593864376, 9, 3, 3, 3]
[1538588131, 483192, 9, 3, 3, 3]
[1718602381, 3153869823, 9, 3, 3, 3]
[2842334711, 2883200343, 9, 3, 3, 3]
[3273223769, 1480456206, 9, 3, 3, 3]
[3916736780, 2267377955, 9, 3, 3, 3]
[2027999671, 2114717696, 9, 3, 3, 3]
[424114135, 1077951297, 9, 3, 3, 3]
[3284727567, 3731921706, 9, 3, 3, 3]
[2810548831, 3036345281, 9, 3, 3, 3]
[4209633957, 2432701680, 9, 3, 3, 3]
[1590325665, 3227976284, 9, 3, 3, 3]
[397920141, 1006125374, 9, 3, 3, 3]
[2875780544, 2596331344, 9, 3, 3, 3]
[1673540130, 453051889, 9, 3, 3, 3]
[2084325284, 3246436639, 9, 3, 3, 3]
[1163508229, 3153981091, 9, 3, 3, 3]
[3382239412, 3114602395, 9, 3, 3, 3]
[3409492475, 899026442, 9, 3, 3, 3]
[2159724863, 2516844701, 9, 3, 3, 3]
[2295677764, 100927370, 9, 3, 3, 3]
[3637570689, 2081963898, 9, 3, 3, 3]
[2517207833, 4291566396, 9, 3, 3, 3]
[3770444431, 200782337, 9, 4, 3, 2]
[3120129105, 98701333, 9, 3, 3, 3]
[434346660, 848621501, 9, 3, 3, 3]
[2330975661, 2250300132, 9, 3, 3, 3]
[97009339, 3882356528, 9, 3, 3, 3]
[44868301, 3189241696, 9, 3, 3, 3]
[1295524294, 2946529120, 9, 3, 3, 3]
[1951660509, 1722911248, 9, 3, 3, 3]
[2559977359, 1132000274, 9, 3, 3, 3]
[113354827, 2913253253, 9, 3, 3, 3]
[2665215886, 1963916892, 9, 3, 3, 3]
[1889486075, 4243489024, 9, 3, 3, 3]
[2479517486, 2797871357, 9, 3, 3, 3]
[3306089685, 2961399304, 9, 3, 3, 3]
[527742693, 2520448752, 9, 3, 3, 3]
[1715608273, 2709057636, 9, 3, 3, 3]
[3438928843, 2133881584, 9, 3, 3, 3]
[1886019497, 2075415534, 9, 3, 3, 3]
[3027787145, 1611273133, 9, 3, 3, 3]
[623602794, 1349842944, 9, 3, 3, 3]
[992111167, 1912735750, 9, 3, 3, 3]
[2329993582, 2143560190, 9, 3, 3, 3]
[1407865769, 1706172417, 9, 3, 3, 3]
[4037517593, 2143190848, 9, 3, 3, 3]
[2329822944, 114561376, 9, 3, 3, 3]
[1119396037, 34210955, 9, 3, 3, 3]
[551809463, 1314717273, 9, 3, 3, 3]
[2776005456, 3084980575, 9, 3, 3, 3]
[3377385904, 452007872, 9, 3, 3, 3]
[1414265241, 336033560, 9, 3, 3, 3]
[238605120, 2182096789, 9, 3, 3, 3]
[1317238533, 3959041020, 9, 3, 3, 3]
[2750484182, 71370368, 9, 3, 3, 3]
[481098630, 200289408, 9, 3, 3, 3]
[3941393663, 3338831874, 9, 3, 3, 3]
[3075433633, 1380252704, 9, 3, 3, 3]
[1193266121, 2846926147, 9, 3, 3, 3]
[1785864097, 4294871419, 9, 3, 3, 3]
[2187599144, 4066455295, 9, 3, 3, 3]
[1864635591, 4289468512, 9, 3, 3, 3]
[1996157806, 3960707072, 9, 3, 3, 3]
[904748001, 3031465300, 9, 3, 3, 3]
[686999477, 1419623846, 9, 3, 3, 3]
[3821219779, 2214265296, 9, 3, 3, 3]
[1551239416, 2556326869, 9, 3, 3, 3]
[2084166329, 4019976720, 9, 3, 3, 3]
[1196958841, 4287545792, 9, 3, 3, 3]
[1113053938, 2202611393, 9, 3, 3, 3]
[2643080304, 441730434, 9, 3, 3, 3]
[4195749263, 4282912709, 9, 3, 3, 3]
[2618084748, 1148122463, 9, 3, 3, 3]
[2003547744, 4035002611, 9, 3, 3, 3]
[3354233850, 3209816825, 9, 3, 3, 3]
[63173427, 303561196, 9, 3, 3, 3]
[2310079338, 4095479216, 9, 3, 3, 3]
[1182053233, 136187586, 9, 3, 3, 3]
[1900288523, 3245610785, 9, 3, 3, 3]
[2448705555, 973000698, 9, 3, 3, 3]
[1647648263, 3121546396, 9, 3, 3, 3]
[130692555, 78646137, 9, 3, 3, 3]
[3796843676, 4202713213, 9, 3, 3, 3]
[3051569371, 2018217981, 9, 3, 3, 3]
[165116183, 2017980394, 9, 3, 3, 3]
[1316662207, 121771837, 9, 3, 3, 3]
[3729477521, 2080911632, 9, 3, 3, 3]
[4023148173, 1079651168, 9, 3, 3, 3]
[1097201849, 1077804528, 9, 3, 3, 3]
[2859637228, 4034850622, 9, 3, 3, 3]
[2176549384, 1207173271, 9, 3, 3, 3]
[905554661, 2020110412, 9, 3, 3, 3]
[1675918988, 1851695105, 9, 3, 3, 3]
[318011738, 326835585, 9, 3, 3, 3]
[3157332363, 46269994, 9, 3, 3, 3]
[4175619551, 1794641296, 9, 3, 3, 3]
[2501428466, 4260453738, 9, 3, 3, 3]
[137476361, 2958344176, 9, 3, 3, 3]
[1575721075, 816369665, 9, 3, 3, 3]
[407429625, 1270182758, 9, 3, 3, 3]
[1079356571, 2732938360, 9, 3, 3, 3]
[3372654928, 955299905, 9, 3, 3, 3]
[180929943, 3846076288, 9, 3, 3, 3]
[3729716900, 3066048772, 9, 3, 3, 3]
[1133541497, 535693037, 9, 3, 3, 3]
[3773424515, 3203419280, 9, 3, 3, 3]
[4169540833, 2673871952, 9, 3, 3, 3]
[3437649601, 4128120557, 9, 3, 3, 3]
[453373236, 3689482280, 9, 3, 3, 3]
[3181486571, 830079923, 9, 3, 3, 3]
[1893891029, 1831606275, 9, 3, 3, 3]
[1391558835, 4161729228, 9, 3, 3, 3]
[311282670, 1070608133, 9, 3, 3, 3]
[1053993384, 2838517698, 9, 3, 3, 3]
[2263239839, 2062073410, 9, 3, 3, 3]
[2197241454, 1999898558, 9, 3, 3, 3]
[471783932, 6820606, 9, 3, 3, 3]
[1504436381, 3206529696, 9, 3, 3, 3]
[1359389836, 2133907522, 9, 3, 3, 3]
[3347454914, 1049929369, 9, 3, 3, 3]
[1598567549, 859688440, 9, 3, 3, 3]
[1858575940, 4261679627, 9, 3, 3, 3]
[1680732580, 3758464880, 9, 3, 3, 3]
[2640912353, 1985018899, 9, 3, 3, 3]
[3906167876, 4129308059, 9, 3, 3, 3]
[2884322245, 659693484, 9, 3, 3, 3]
[474063163, 2683631037, 9, 3, 3, 3]
[1678064059, 4294379106, 9, 3, 3, 3]
[2221242905, 4288193289, 9, 3, 3, 3]
[3507784251, 255203290, 9, 3, 3, 3]
[3452093922, 4026546686, 9, 3, 3, 3]
[4007024748, 2351962140, 9, 3, 3, 3]
[91048443, 2149060828, 9, 3, 3, 3]
[3035400813, 2955026777, 9, 3, 3, 3]
[2645263398, 2277257094, 9, 3, 3, 3]
[291846236, 401965486, 9, 3, 3, 3]
[1975349713, 3489612668, 9, 3, 3, 3]
[1183478492, 570454352, 9, 3, 3, 3]
[4273305715, 2427978300, 9, 3, 3, 3]
[4256419355, 586155412, 9, 3, 3, 3]
[728176264, 2145787582, 9, 3, 3, 3]
[441673225, 267402111, 9, 3, 3, 3]
[1434344490, 2042636031, 9, 3, 3, 3]
[1300279978, 2046064900, 9, 3, 3, 3]
[3094537704, 3971511318, 9, 3, 3, 3]
[2957505811, 4293623616, 9, 3, 3, 3]
[1887156775, 2618720536, 9, 3, 3, 3]
[1595699907, 560004469, 9, 3, 3, 3]
[838114346, 4285575154, 9, 3, 3, 3]
[2819503285, 1979957204, 9, 3, 3, 3]
[239137891, 4225242624, 9, 3, 3, 3]
[218662682, 3362790820, 9, 3, 3, 3]
[1660906069, 27510784, 9, 3, 3, 3]
[104982865, 1954025624, 9, 3, 3, 3]
[2584550485, 3500607896, 9, 3, 3, 3]
[3457086445, 257470520, 9, 3, 3, 3]
[1419438960, 537246664, 9, 3, 3, 3]
[1091148589, 125433836, 9, 3, 3, 3]
[2021159827, 4173599857, 9, 3, 3, 3]
[2448830178, 2080210200, 9, 3, 3, 3]
[3002030577, 3314687323, 9, 3, 3, 3]
[3010010896, 3510144669, 9, 3, 3, 3]
[2057582030, 4273211642, 9, 3, 3, 3]
[2874362192, 3250511776, 9, 3, 3, 3]
[2093894979, 3858499443, 9, 3, 3, 3]
[3181766114, 1895697232, 9, 3, 3, 3]
[3147966965, 2466816334, 9, 3, 3, 3]
[259231154, 2426410880, 9, 3, 3, 3]
[3679321233, 1627405872, 9, 3, 3, 3]
[2777202245, 4294506306, 9, 3, 3, 3]
[2981244452, 4034973434, 9, 3, 3, 3]
[2326811702, 2181826732, 9, 3, 3, 3]
[728830561, 1439189618, 9, 3, 3, 3]
[863809549, 1813880579, 9, 3, 3, 3]
[3817102806, 831325509, 9, 3, 3, 3]
[539870900, 626196390, 9, 3, 3, 3]
[4009961557, 1326962648, 9, 3, 3, 3]
[1155238216, 3117178489, 9, 3, 3, 3]
[3717540854, 1070608110, 9, 3, 3, 3]
[3496133428, 3357507799, 9, 3, 3, 3]
[3465784324, 1614778080, 9, 3, 3, 3]
[2401588861, 2482776063, 9, 3, 3, 3]
[2755052810, 4294195730, 9, 3, 3, 3]
[1364387722, 1344657240, 9, 3, 3, 3]
[2512919329, 305721185, 9, 3, 3, 3]
[1296122654, 3800053622, 9, 3, 3, 3]
[2940675716, 1235189299, 9, 3, 3, 3]
[3251149319, 873856317, 9, 3, 3, 3]
[3902383220, 3328196843, 9, 3, 3, 3]
[3264971045, 2265316375, 9, 3, 3, 3]
[3410262035, 1339524991, 9, 3, 3, 3]
[2369854118, 209460736, 9, 3, 3, 3]
[1631976761, 670104395, 9, 3, 3, 3]
[2612077282, 4211014183, 9, 3, 3, 3]
[1490926044, 1483456896, 9, 3, 3, 3]
[1078885176, 75628671, 9, 3, 3, 3]
[1877419702, 2043942508, 9, 3, 3, 3]
[3988946835, 1054874759, 9, 3, 3, 3]
[3516150526, 2184163616, 9, 3, 3, 3]
[2357298749, 3993232376, 9, 3, 3, 3]
[2244807276, 4109974826, 9, 3, 3, 3]
[1237730178, 3785419216, 9, 3, 3, 3]
[650682627, 41962560, 9, 3, 3, 3]
[4233009985, 1577059492, 9, 3, 3, 3]
[1032803081, 755016304, 9, 3, 3, 3]
[1554448998, 422535253, 9, 3, 3, 3]
[2548606099, 3047276605, 9, 3, 3, 3]
[257939145, 234362465, 9, 3, 3, 3]
[1069065554, 722861920, 9, 3, 3, 3]
[227876842, 4023919587, 9, 3, 3, 3]
[2762503411, 3991471904, 9, 4, 3, 2]
[4157403978, 392695037, 9, 3, 3, 3]
[2264505990, 4226553871, 9, 3, 3, 3]
[2248994105, 2155193118, 9, 3, 3, 3]
[2933791169, 1583841776, 9, 4, 3, 2]
[3855056675, 4260912320, 9, 4, 3, 2]
[3073858235, 34738675, 9, 3, 3, 3]
[439645305, 202359687, 9, 3, 3, 3]
[3729529515, 3241693088, 9, 3, 3, 3]
[2963222452, 3223355518, 9, 3, 3, 3]
[2748188034, 4127131213, 9, 3, 3, 3]
[644830370, 19959576, 9, 3, 3, 3]
[760385081, 4706684, 9, 4, 3, 2]
[1029627346, 2209479680, 9, 3, 3, 3]
[785551144, 2164134780, 9, 3, 3, 3]
[212928107, 4027680632, 9, 3, 3, 3]
[417139203, 64858032, 9, 3, 3, 3]
[3853259298, 3233378144, 9, 3, 3, 3]
[1167240860, 2114411556, 9, 3, 3, 3]
[1407995675, 3248414731, 9, 3, 3, 3]
[2673756659, 3387359564, 9, 3, 3, 3]
[1466014548, 2816021524, 9, 4, 3, 2]
[3813875890, 900921499, 9, 3, 3, 3]
[626494213, 670024753, 9, 3, 3, 3]
[2282281773, 1977355504, 9, 3, 3, 3]
[1624392223, 173473237, 9, 3, 3, 3]
[3986372320, 965324527, 9, 3, 3, 3]
[1934827796, 1321367592, 9, 3, 3, 3]
[2082353245, 3607364159, 9, 3, 3, 3]
[422664848, 3288350198, 9, 3, 3, 3]
[2712475748, 1001980832, 9, 3, 3, 3]
[826284724, 2212462850, 9, 3, 3, 3]
[2008924105, 3075738682, 9, 3, 3, 3]
[2360990660, 3880509952, 9, 3, 3, 3]
[1436142322, 412020480, 9, 3, 3, 3]
[1134798448, 4047478528, 9, 3, 3, 3]
[948792675, 1826231332, 9, 3, 3, 3]
[616051372, 1363186426, 9, 3, 3, 3]
[4076008247, 52960634, 9, 3, 3, 3]
[658183484, 505429556, 9, 3, 3, 3]
[1850752319, 1442062960, 9, 3, 3, 3]
[826254157, 4118314492, 9, 3, 3, 3]
[1274662365, 4644874, 9, 3, 3, 3]
[1555036518, 48301951, 9, 3, 3, 3]
[386670038, 764061695, 9, 3, 3, 3]
[1797619102, 2219057674, 9, 3, 3, 3]
[3291727560, 4043284608, 9, 3, 3, 3]
[1018203253, 4158519420, 9, 3, 3, 3]
[2552838701, 2078130192, 9, 3, 3, 3]
[4007582564, 3209697240, 9, 3, 3, 3]
[550470189, 4261238912, 9, 3, 3, 3]
[4198339919, 899990395, 9, 3, 3, 3]
[2818362331, 536898251, 9, 3, 3, 3]
[1318224166, 135298604, 9, 3, 3, 3]
[2547020105, 3392389029, 9, 3, 3, 3]
[1581538144, 2667643165, 9, 3, 3, 3]
[3458365717, 404783884, 9, 3, 3, 3]
[2814516636, 3231159683, 9, 3, 3, 3]
[3408599012, 2433098264, 9, 3, 3, 3]
[3984999868, 2946505840, 9, 3, 3, 3]
[3458229398, 4154336004, 9, 3, 3, 3]
[1190591678, 507516953, 9, 3, 3, 3]
[1901842477, 2164150070, 9, 3, 3, 3]
[3469820649, 1593714798, 9, 3, 3, 3]
[1298379900, 1332393856, 9, 3, 3, 3]
[3312956578, 3976068104, 9, 3, 3, 3]
[3367766111, 2213036386, 10, 4, 3, 3]
[2020053121, 2080115862, 10, 4, 3, 3]
[886643554, 2160883829, 10, 4, 3, 3]
[2847690943, 2214137608, 10, 4, 3, 3]
[90289330, 2290087763, 10, 4, 3, 3]
[2034203535, 1072535423, 10, 4, 3, 3]
[3162685865, 2267504898, 10, 4, 3, 3]
[2044172922, 1006366654, 10, 4, 3, 3]
[2912329561, 2160098321, 10, 4, 3, 3]
[302126378, 36687868, 10, 4, 3, 3]
[3548342167, 2365710089, 10, 4, 3, 3]
[1274834200, 3622861412, 10, 4, 3, 3]
[4196987663, 2314913082, 10, 4, 3, 3]
[2731398122, 2281451392, 10, 4, 3, 3]
[1820891352, 2687770196, 10, 4, 3, 3]
[2735939366, 2118055901, 10, 4, 3, 3]
[1279435527, 532446703, 10, 4, 3, 3]
[3374429317, 3624798150, 10, 4, 3, 3]
[1634472038, 2155622625, 10, 4, 3, 3]
[1612490902, 1953562624, 10, 4, 3, 3]
[3282986896, 1094754409, 10, 4, 3, 3]
[3314023627, 2676101375, 10, 4, 3, 3]
[3523712495, 3757584383, 10, 4, 3, 3]
[2601370546, 4202625049, 10, 4, 3, 3]
[737509779, 4024311780, 10, 4, 3, 3]
[2306520864, 1963724531, 10, 4, 3, 3]
[3608063490, 2812612001, 10, 4, 3, 3]
[3583935059, 4253880573, 10, 4, 3, 3]
[1814384264, 2206146570, 10, 4, 3, 3]
[360392893, 35668985, 10, 4, 3, 3]
[2770863195, 2701062656, 10, 4, 3, 3]
[2705978377, 406073856, 10, 4, 3, 3]
[823508878, 4156676158, 10, 4, 3, 3]
[3917192479, 75514874, 10, 4, 3, 3]
[1030790743, 4227898327, 10, 4, 3, 3]
[1719365826, 3856415728, 10, 4, 3, 3]
[2984307078, 3221609192, 10, 5, 3, 2]
[3715145494, 3498378247, 10, 4, 3, 3]
[938240509, 2937929727, 10, 4, 3, 3]
[4260155170, 4266132242, 10, 4, 3, 3]
[638697099, 1092063235, 10, 4, 3, 3]
[1185937193, 267630816, 10, 4, 3, 3]
[35155485, 262143265, 10, 4, 3, 3]
[298156247, 498066256, 10, 4, 3, 3]
[2186267773, 2483291320, 10, 4, 3, 3]
[217657151, 2097252290, 10, 4, 3, 3]
[1400000472, 537884378, 10, 4, 3, 3]
[1996200156, 3609117314, 10, 4, 3, 3]
[1869871547, 1424348248, 10, 4, 3, 3]
[1709371928, 4032761752, 10, 4, 3, 3]
[3477667612, 1795036412, 10, 4, 3, 3]
[3017039684, 813031575, 10, 4, 3, 3]
[2872755512, 250575000, 10, 4, 3, 3]
[4181530760, 1963025152, 10, 4, 3, 3]
[164566951, 1001910422, 10, 4, 3, 3]
[2949058874, 3899288, 10, 4, 3, 3]
[3249996020, 2481062950, 10, 4, 3, 3]
[3175422575, 857078294, 10, 4, 3, 3]
[3748890232, 4262133536, 10, 4, 3, 3]
[3899959566, 1932509057, 10, 4, 3, 3]
[2605874126, 4202625205, 10, 4, 3, 3]
[146500052, 4018147842, 10, 4, 3, 3]
[109696450, 4288150896, 10, 4, 3, 3]
[2790655973, 2147216, 10, 4, 3, 3]
[4148257331, 796912761, 10, 4, 3, 3]
[2237431004, 3224113441, 10, 4, 3, 3]
[4180127888, 1948258120, 10, 4, 3, 3]
[1335642633, 1608024352, 10, 4, 3, 3]
[2070070714, 4058777854, 10, 4, 3, 3]
[2244688514, 111406969, 10, 4, 3, 3]
[3738319363, 4293407190, 10, 4, 3, 3]
[1119066620, 3002639512, 10, 4, 3, 3]
[1340164661, 2212593664, 10, 4, 3, 3]
[4276251731, 4192205659, 10, 4, 3, 3]
[681379910, 34619652, 10, 4, 3, 3]
[3499848534, 336625924, 10, 4, 3, 3]
[4102129003, 1412092, 10, 4, 3, 3]
[1861662107, 3552307206, 10, 4, 3, 3]
[711294328, 4294316196, 10, 4, 3, 3]
[4257979781, 68156295, 10, 4, 3, 3]
[558765379, 536673392, 10, 5, 3, 2]
[2488580008, 3976257408, 10, 4, 3, 3]
[179513489, 1428260954, 10, 4, 3, 3]
[891747084, 200924736, 10, 4, 3, 3]
[66114579, 2951214434, 10, 4, 3, 3]
[2731304785, 3246324619, 10, 4, 3, 3]
[1209215059, 1302118399, 10, 4, 3, 3]
[2347285892, 1151279094, 10, 4, 3, 3]
[1768967656, 2422157599, 10, 4, 3, 3]
[768971780, 570096080, 10, 4, 3, 3]
[2649384628, 4001957160, 10, 4, 3, 3]
[4057330924, 4164931520, 10, 4, 3, 3]
[1557657833, 1592379392, 10, 4, 3, 3]
[1481461809, 1075770204, 10, 4, 3, 3]
[4053638897, 99834933, 10, 4, 3, 3]
[3066561283, 2405017824, 10, 4, 3, 3]
[3769621654, 1021640450, 10, 4, 3, 3]
[4242250538, 2285897573, 10, 4, 3, 3]
[1746710380, 2096742406, 10, 4, 3, 3]
[1739202143, 4053855376, 10, 4, 3, 3]
[1690200800, 4258199656, 10, 4, 3, 3]
[1047859738, 3758595064, 10, 4, 3, 3]
[1381827625, 1080392, 10, 4, 3, 3]
[1296561758, 3690956952, 10, 4, 3, 3]
[3874275377, 3144139104, 10, 4, 3, 3]
[365602031, 4160766753, 10, 4, 3, 3]
[4031988325, 4294475998, 10, 4, 3, 3]
[1410005583, 865656832, 10, 4, 3, 3]
[3129994079, 2214098818, 10, 4, 3, 3]
[548230528, 1423114027, 10, 4, 3, 3]
[1641869187, 2172923915, 10, 4, 3, 3]
[826258524, 1604288063, 10, 4, 3, 3]
[3518771487, 2147189600, 10, 4, 3, 3]
[1189527593, 4294942146, 10, 4, 3, 3]
[3432290294, 2149549961, 10, 4, 3, 3]
[3137595694, 2913548263, 10, 4, 3, 3]
[4216362117, 2213021571, 10, 4, 3, 3]
[2222361420, 3386636059, 10, 4, 3, 3]
[2998145500, 2130043360, 10, 4, 3, 3]
[641594381, 536856080, 10, 4, 3, 3]
[2276142083, 2943958877, 10, 4, 3, 3]
[2171802502, 469498848, 10, 4, 3, 3]
[2541004768, 284627925, 10, 4, 3, 3]
[1231108470, 1700094, 10, 4, 3, 3]
[2295898194, 3190033728, 10, 4, 3, 3]
[2941753634, 1073970964, 10, 4, 3, 3]
[2976526475, 3775890480, 10, 4, 3, 3]
[2889287442, 539789000, 10, 4, 3, 3]
[3589323049, 3200271104, 10, 4, 3, 3]
[4061528981, 634397556, 10, 4, 3, 3]
[2224914213, 4211341466, 10, 4, 3, 3]
[74419130, 2694838103, 10, 4, 3, 3]
[4063070715, 3204809885, 10, 4, 3, 3]
[345444101, 1422401872, 10, 4, 3, 3]
[2126067321, 3959160314, 10, 4, 3, 3]
[2443456626, 4274422, 10, 4, 3, 3]
[3523046917, 21619407, 10, 4, 3, 3]
[3025383398, 2280883664, 10, 4, 3, 3]
[3990002561, 3382279253, 10, 4, 3, 3]
[941495386, 630308801, 10, 4, 3, 3]
[476727236, 1065373285, 10, 4, 3, 3]
[2746729436, 1078920640, 10, 4, 3, 3]
[4236846625, 1124073024, 10, 4, 3, 3]
[56350797, 259524864, 10, 4, 3, 3]
[4264687462, 2398617136, 10, 4, 3, 3]
[3119210967, 4160516145, 10, 4, 3, 3]
[2410590087, 4290936958, 10, 4, 3, 3]
[2570448722, 637780479, 10, 4, 3, 3]
[2306683096, 3998792706, 10, 4, 3, 3]
[2540441689, 4047072, 10, 4, 3, 3]
[4065531552, 4026368952, 10, 4, 3, 3]
[2437118428, 2984515456, 10, 4, 3, 3]
[3591838530, 966979495, 10, 4, 3, 3]
[2247005222, 138153932, 10, 4, 3, 3]
[2277468681, 894910329, 10, 4, 3, 3]
[4085328042, 2477793033, 10, 4, 3, 3]
[998824040, 1065328961, 10, 4, 3, 3]
[672362930, 800079873, 10, 4, 3, 3]
[3743441255, 2117926401, 10, 4, 3, 3]
[2321791513, 2420065280, 10, 4, 3, 3]
[2392882506, 4285262079, 10, 4, 3, 3]
[3140650767, 964560800, 10, 4, 3, 3]
[994943070, 8337540, 10, 4, 3, 3]
[3776373784, 2540371666, 10, 4, 3, 3]
[2273779246, 4235979792, 10, 4, 3, 3]
[4214304100, 758734342, 10, 4, 3, 3]
[3707593890, 2141915215, 10, 4, 3, 3]
[1871544175, 1266581146, 10, 4, 3, 3]
[2831779612, 4204020211, 10, 4, 3, 3]
[3010002765, 67559872, 10, 4, 3, 3]
[815634527, 2941812953, 10, 4, 3, 3]
[853633916, 1698045452, 10, 4, 3, 3]
[2806003977, 1611416000, 10, 4, 3, 3]
[1000957182, 3753664303, 10, 4, 3, 3]
[1248315341, 1065488576, 10, 4, 3, 3]
[338834090, 72360062, 10, 4, 3, 3]
[1387910672, 14017040, 10, 4, 3, 3]
[4242815409, 1870660928, 10, 4, 3, 3]
[781352812, 67625948, 10, 4, 3, 3]
[3183545741, 2280261202, 10, 4, 3, 3]
[1366430668, 3758141680, 10, 4, 3, 3]
[2636990724, 4292626546, 10, 4, 3, 3]
[2225001793, 1979974656, 10, 4, 3, 3]
[1643485842, 22818826, 10, 4, 3, 3]
[1886291425, 3153953025, 10, 4, 3, 3]
[243726640, 2280646930, 10, 4, 3, 3]
[2902825074, 2145244431, 10, 4, 3, 3]
[2697739656, 2931883610, 10, 4, 3, 3]
[3157727504, 3191840907, 10, 4, 3, 3]
[2183346382, 4245947132, 10, 4, 3, 3]
[4061855980, 42474231, 10, 4, 3, 3]
[1245722893, 2149811456, 10, 4, 3, 3]
[1580425113, 2143224972, 10, 4, 3, 3]
[3804072262, 3918722909, 10, 4, 3, 3]
[2266603271, 265489, 10, 4, 3, 3]
[73155334, 308283033, 10, 4, 3, 3]
[1900905074, 4203485053, 10, 4, 3, 3]
[2739040006, 712789483, 10, 4, 3, 3]
[2766402591, 2671616672, 10, 4, 3, 3]
[2175551095, 2025585706, 10, 4, 3, 3]
[1233273146, 2008051968, 10, 4, 3, 3]
[3474261478, 1950750826, 10, 4, 3, 3]
[351667021, 3789010948, 10, 4, 3, 3]
[915028353, 1780792364, 10, 4, 3, 3]
[2676368567, 983357, 10, 4, 3, 3]
[3060785561, 1070982144, 10, 4, 3, 3]
[3269971086, 3087927312, 10, 4, 3, 3]
[3447470495, 254770176, 10, 4, 3, 3]
[2432127135, 2147582376, 10, 4, 3, 3]
[2845363660, 2105609920, 10, 4, 3, 3]
[2794462044, 2701062464, 10, 4, 3, 3]
[1231677039, 2954759920, 10, 4, 3, 3]
[3181502550, 2691824624, 10, 4, 3, 3]
[3971949342, 15720961, 10, 4, 3, 3]
[275290537, 993951551, 10, 4, 3, 3]
[1644572731, 3759078710, 10, 4, 3, 3]
[1028210540, 3219260305, 10, 4, 3, 3]
[2895963692, 1091182370, 10, 4, 3, 3]
[2859520325, 3247894272, 10, 5, 3, 2]
[1584071780, 2735143968, 10, 4, 3, 3]
[748733217, 2210274816, 10, 4, 3, 3]
[751840138, 3606280304, 10, 4, 3, 3]
[2187804595, 3363044462, 10, 4, 3, 3]
[3039829686, 2677307200, 10, 4, 3, 3]
[1355300455, 559383040, 10, 4, 3, 3]
[2619770304, 465657780, 10, 4, 3, 3]
[1164894040, 1409244768, 10, 4, 3, 3]
[217383866, 4160429704, 10, 4, 3, 3]
[1149732289, 2695405908, 10, 4, 3, 3]
[277585135, 26223584, 10, 4, 3, 3]
[243867000, 3156209856, 10, 4, 3, 3]
[419367017, 4230473728, 10, 4, 3, 3]
[2004411302, 7291198, 10, 4, 3, 3]
[2870791562, 71268406, 10, 4, 3, 3]
[4035689724, 116817628, 10, 4, 3, 3]
[2248553377, 3766435120, 11, 4, 4, 3]
[3061880991, 4212868095, 11, 5, 3, 3]
[929590032, 1513340726, 11, 4, 4, 3]
[4082910594, 3975776168, 11, 5, 3, 3]
[1740894596, 1860157696, 11, 4, 4, 3]
[1038653940, 732254151, 11, 5, 3, 3]
[2545075972, 2683584440, 11, 4, 4, 3]
[3637522897, 3232251392, 11, 4, 4, 3]
[2752221678, 796980903, 11, 4, 4, 3]
[1978349424, 831996680, 11, 4, 4, 3]
[2705687106, 625934850, 11, 4, 4, 3]
[834682603, 4278312448, 11, 4, 4, 3]
[2865895368, 1073816048, 11, 4, 4, 3]
[4027459171, 56721416, 11, 4, 4, 3]
[377777730, 1839001856, 11, 4, 4, 3]
[3961674214, 3492798436, 11, 4, 4, 3]
[3143941974, 3769655032, 11, 4, 4, 3]
[2818787722, 3940958208, 11, 4, 4, 3]
[1652127372, 4085711897, 11, 5, 3, 3]
[1502998577, 4157357632, 11, 4, 4, 3]
[1334963038, 1733329133, 11, 4, 4, 3]
[241435884, 42993567, 11, 4, 4, 3]
[3652570810, 2147290736, 11, 4, 4, 3]
[1347494905, 1062066686, 11, 5, 3, 3]
[3736535406, 4219796971, 11, 4, 4, 3]
[1694186908, 83946912, 11, 5, 3, 3]
[1666492754, 1098843999, 11, 4, 4, 3]
[124656829, 838863876, 11, 4, 4, 3]
[1004219546, 2796576734, 11, 5, 3, 3]
[3533172341, 1864334240, 11, 4, 4, 3]
[3797727120, 4027207938, 11, 4, 4, 3]
[3762103814, 3885695144, 11, 4, 4, 3]
[399129364, 1314898070, 11, 4, 4, 3]
[1276623790, 2775523333, 11, 4, 4, 3]
[1506246966, 565112830, 11, 4, 4, 3]
[562256736, 1625313068, 11, 4, 4, 3]
[4158091217, 702549251, 11, 4, 4, 3]
[51004972, 1882191812, 11, 4, 4, 3]
[1154892385, 1694631934, 11, 5, 3, 3]
[4143281124, 5249041, 11, 4, 4, 3]
[4073860158, 437248562, 11, 4, 4, 3]
[2019648879, 2878816455, 11, 4, 4, 3]
[1029679074, 2157839360, 11, 4, 4, 3]
[1912346068, 2891370459, 11, 4, 4, 3]
[1667341362, 4202755840, 11, 4, 4, 3]
[2034448134, 2416185000, 11, 4, 4, 3]
[3771748395, 4273903744, 11, 4, 4, 3]
[2619951156, 4292763586, 11, 4, 4, 3]
[2382745551, 2147532944, 11, 4, 4, 3]
[1154122793, 1460271156, 11, 5, 3, 3]
[940375091, 133775384, 11, 4, 4, 3]
[4128490319, 4236767201, 11, 5, 3, 3]
[4220493590, 2109736319, 11, 4, 4, 3]
[2110469036, 536825762, 11, 4, 4, 3]
[1539272048, 3959670284, 11, 4, 4, 3]
[58551827, 199846908, 11, 4, 4, 3]
[789324370, 3463632895, 11, 4, 4, 3]
[3455543136, 35672045, 11, 4, 4, 3]
[2123182556, 129762330, 11, 4, 4, 3]
[508116160, 3995094894, 11, 4, 4, 3]
[1947722023, 3181456703, 11, 4, 4, 3]
[646143944, 2143273891, 11, 4, 4, 3]
[2574728925, 4244435264, 11, 4, 4, 3]
[2273402021, 4285795326, 11, 4, 4, 3]
[1163981256, 3426390240, 11, 4, 4, 3]
[602615544, 1291804651, 11, 4, 4, 3]
[1834761979, 268022, 11, 4, 4, 3]
[2368490718, 2688818592, 11, 4, 4, 3]
[3657593805, 2690630895, 11, 4, 4, 3]
[3555046559, 854466583, 11, 5, 3, 3]
[1097188751, 2145780752, 11, 4, 4, 3]
[3151688163, 3758579784, 11, 4, 4, 3]
[2214346355, 83075084, 11, 4, 4, 3]
[1977205181, 33288258, 11, 5, 3, 3]
[3228984955, 2913075459, 11, 4, 4, 3]
[179308193, 1065043046, 11, 4, 4, 3]
[1335487696, 3732963205, 11, 4, 4, 3]
[3277266172, 3423471520, 11, 4, 4, 3]
[2835427086, 2147761816, 11, 5, 3, 3]
[1273406214, 1519679189, 11, 4, 4, 3]
[2415014251, 2730065863, 11, 4, 4, 3]
[2258485433, 99348738, 11, 4, 4, 3]
[4095415789, 2465718272, 11, 4, 4, 3]
[1153324608, 3921698315, 11, 5, 3, 3]
[4001519691, 6284292, 11, 5, 3, 3]
[1041177019, 1032015871, 11, 4, 4, 3]
[1770729457, 3497586943, 11, 4, 4, 3]
[2242964192, 3271297366, 11, 4, 4, 3]
[1007227415, 719871994, 11, 4, 4, 3]
[696973665, 2483588890, 11, 4, 4, 3]
[4130932499, 135786600, 11, 5, 3, 3]
[3405030976, 862331203, 11, 4, 4, 3]
[2248851830, 2134642658, 11, 4, 4, 3]
[821451389, 4294043631, 11, 4, 4, 3]
[48391812, 4094166785, 11, 4, 4, 3]
[3343118186, 4290642784, 11, 4, 4, 3]
[1389727448, 3790567344, 11, 4, 4, 3]
[2941702439, 2130847554, 11, 4, 4, 3]
[4184446580, 1339972656, 11, 4, 4, 3]
[30622439, 2277508292, 11, 4, 4, 3]
[2244886662, 3879465056, 11, 4, 4, 3]
[2213191574, 151784071, 11, 4, 4, 3]
[107600468, 276827984, 11, 4, 4, 3]
[2681353564, 1314848944, 11, 4, 4, 3]
[2137305055, 1463982210, 11, 4, 4, 3]
[229376756, 134221904, 11, 4, 4, 3]
[2710919471, 3246324723, 11, 4, 4, 3]
[433716447, 3584233396, 11, 4, 4, 3]
[902029867, 41816162, 11, 4, 4, 3]
[151960127, 167244158, 11, 4, 4, 3]
[3518757101, 400522128, 11, 4, 4, 3]
[3210320281, 264109828, 11, 4, 4, 3]
[1678267888, 2403360864, 11, 4, 4, 3]
[1112465677, 3515218847, 11, 5, 3, 3]
[336282063, 3218595937, 11, 4, 4, 3]
[2647004178, 3891021312, 11, 5, 3, 3]
[2081077156, 4267969143, 11, 4, 4, 3]
[2807662912, 2012810226, 11, 4, 4, 3]
[3732858994, 35453951, 12, 4, 4, 4]
[2138261427, 1375469824, 12, 4, 4, 4]
[3468247158, 4294841198, 12, 4, 4, 4]
[2669746735, 2150040066, 12, 5, 4, 3]
[202348116, 815816713, 12, 4, 4, 4]
[2187379994, 4260319490, 12, 4, 4, 4]
[3209085173, 2168062526, 12, 4, 4, 4]
[2466275731, 4269312000, 12, 4, 4, 4]
[3045014652, 2701103346, 12, 4, 4, 4]
[2328866524, 2689863744, 12, 5, 4, 3]
[3447960028, 2146925516, 12, 4, 4, 4]
[1844844799, 806085936, 12, 4, 4, 4]
[1052074492, 1409940906, 12, 4, 4, 4]
[4002613270, 218114346, 12, 4, 4, 4]
[3598899407, 3254797284, 12, 4, 4, 4]
[1281360689, 4293746944, 12, 4, 4, 4]
[2670798492, 828440991, 12, 4, 4, 4]
[3087562227, 3558206239, 12, 4, 4, 4]
[2935787562, 535788959, 12, 4, 4, 4]
[2018278722, 1777603190, 12, 4, 4, 4]
[3254541869, 66899959, 12, 4, 4, 4]
[3027247174, 2151647872, 12, 4, 4, 4]
[2881749167, 4168228893, 12, 4, 4, 4]
[2408385060, 1335852904, 12, 4, 4, 4]
[502299458, 32493592, 12, 5, 4, 3]
[3177993617, 2148926432, 12, 5, 4, 3]
[3311407887, 4257771265, 12, 5, 4, 3]
[1278751824, 5274304, 12, 4, 4, 4]
[2085600367, 3957061086, 12, 5, 4, 3]
[160296404, 796921584, 12, 4, 4, 4]
[1441791342, 4293777792, 12, 4, 4, 4]
[3154312755, 4294533128, 12, 4, 4, 4]
[2549158177, 2081262310, 12, 4, 4, 4]
[1171540988, 2680131616, 12, 4, 4, 4]
[1298198676, 2096488960, 12, 4, 4, 4]
[668916700, 3135225813, 12, 4, 4, 4]
[2540445192, 1366049023, 12, 4, 4, 4]
[3770496642, 65034314, 12, 5, 4, 3]
[1702771416, 2015424256, 12, 5, 4, 3]
[772664447, 1627356432, 12, 4, 4, 4]
[2210989569, 2174486977, 12, 4, 4, 4]
[3426862882, 2550105611, 12, 4, 4, 4]
[493780230, 4126342112, 12, 4, 4, 4]
[1638879937, 2214526336, 12, 4, 4, 4]
[1752029299, 1065292805, 12, 5, 4, 3]
[2987412606, 2148670592, 12, 5, 4, 3]
[1039352237, 2151023944, 12, 4, 4, 4]
[159892670, 1644168960, 12, 4, 4, 4]
[3934213329, 3925885939, 12, 4, 4, 4]
[3630333185, 404242572, 12, 4, 4, 4]
[1602686712, 12648678, 12, 4, 4, 4]
[3622640765, 1317552129, 12, 6, 3, 3]
[4111330010, 36708988, 12, 6, 3, 3]
[2856306497, 285634656, 12, 4, 4, 4]
[2068420320, 184289197, 12, 4, 4, 4]
[3401644650, 2025879448, 12, 4, 4, 4]
[1500417820, 2130775844, 12, 5, 4, 3]
[2266807290, 133958914, 12, 4, 4, 4]
[3619456038, 1097836, 12, 5, 4, 3]
[1471061905, 4294819715, 12, 4, 4, 4]
[881867824, 1062176512, 12, 4, 4, 4]
[1880945085, 2231271420, 12, 4, 4, 4]
[3887336070, 66044040, 12, 4, 4, 4]
[745145026, 4169152269, 12, 4, 4, 4]
[1747585214, 3860611116, 12, 4, 4, 4]
[3414223233, 348531702, 12, 4, 4, 4]
[1941929964, 3977519198, 12, 4, 4, 4]
[3588999177, 2470427458, 12, 4, 4, 4]
[161771482, 1607470793, 12, 4, 4, 4]
[4128965690, 4285534125, 12, 4, 4, 4]
[2357830917, 4293661713, 12, 4, 4, 4]
[1784705616, 3491820204, 12, 4, 4, 4]
[636687101, 4162862312, 12, 4, 4, 4]
[2245594246, 2080116762, 12, 4, 4, 4]
[3355573458, 3321577441, 12, 4, 4, 4]
[1438154032, 3357470863, 12, 5, 4, 3]
[1027883195, 4193911906, 12, 5, 4, 3]
[2870968690, 2060154883, 12, 6, 3, 3]
[727941031, 67598076, 12, 5, 4, 3]
[3414205398, 2549319439, 12, 4, 4, 4]
[3017475214, 2068455408, 12, 4, 4, 4]
[4086222944, 734011638, 12, 4, 4, 4]
[2881462698, 4227037695, 12, 5, 4, 3]
[2681740125, 1325858784, 12, 4, 4, 4]
[814221242, 3767500587, 12, 4, 4, 4]
[2663655761, 3419865640, 12, 4, 4, 4]
[132258330, 534244112, 12, 4, 4, 4]
[2115374375, 1606157638, 12, 4, 4, 4]
[2818454106, 1413234756, 12, 4, 4, 4]
[379396149, 211794880, 12, 4, 4, 4]
[3342687612, 4286005764, 12, 4, 4, 4]
[4067915747, 4292877332, 12, 4, 4, 4]
[1565513763, 4280220544, 12, 5, 4, 3]
[687285504, 1585463682, 12, 5, 4, 3]
[2680476059, 4290183070, 12, 4, 4, 4]
[955621664, 4151367660, 12, 5, 4, 3]
[1321918450, 1004148560, 12, 4, 4, 4]
[3693468578, 4294025157, 12, 4, 4, 4]
[3421403201, 501866557, 12, 4, 4, 4]
[2263643901, 4026797708, 12, 4, 4, 4]
[4047375164, 395307155, 12, 4, 4, 4]
[587168419, 1325467704, 12, 5, 4, 3]
[50840180, 4224714762, 12, 4, 4, 4]
[3541226016, 4216289312, 12, 4, 4, 4]
[4223567396, 3209257137, 12, 5, 4, 3]
[2936774609, 271090047, 12, 4, 4, 4]
[4283243273, 1280157542, 12, 4, 4, 4]
[1139257489, 2172516929, 12, 4, 4, 4]
[2524895791, 235125753, 12, 4, 4, 4]
[1544031723, 4281884661, 12, 4, 4, 4]
[3048733408, 3080687760, 12, 4, 4, 4]
[3205586394, 1342203908, 12, 4, 4, 4]
[2717630967, 4159459322, 12, 4, 4, 4]
[2704712248, 2092892735, 12, 4, 4, 4]
[3775453212, 1069543102, 12, 5, 4, 3]
[1076302549, 3608281038, 12, 4, 4, 4]
[763900027, 3775888384, 12, 4, 4, 4]
[4271722099, 601883594, 12, 4, 4, 4]
[3621928733, 2245192404, 12, 4, 4, 4]
[3587181580, 4026024736, 12, 4, 4, 4]
[2103497256, 4036940040, 12, 4, 4, 4]
[2674056972, 1038155554, 12, 4, 4, 4]
[1934493628, 4292943568, 12, 4, 4, 4]
[3976147480, 2063605450, 12, 5, 4, 3]
[814265640, 1589674238, 12, 4, 4, 4]
[1471022005, 4202621823, 12, 4, 4, 4]
[1862374399, 672406356, 12, 4, 4, 4]
[2077865983, 1382812016, 12, 4, 4, 4]
[1091941432, 2332256269, 12, 4, 4, 4]
[310866971, 4291828756, 12, 4, 4, 4]
[2396255745, 3355175013, 12, 4, 4, 4]
[2698583862, 133234243, 12, 4, 4, 4]
[291270390, 3892320100, 12, 4, 4, 4]
[230830045, 4290784763, 12, 5, 4, 3]
[302533889, 403708591, 12, 4, 4, 4]
[3506034671, 807960976, 12, 5, 4, 3]
[217138416, 7019905, 13, 5, 4, 4]
[1416085975, 4277529536, 13, 5, 4, 4]
[1425166084, 2180969040, 13, 5, 4, 4]
[2103463215, 1333527584, 13, 5, 4, 4]
[3332700136, 2051832, 13, 5, 4, 4]
[3236716652, 830079397, 13, 5, 4, 4]
[1360945106, 41647664, 13, 5, 4, 4]
[1047696448, 3322018816, 13, 5, 4, 4]
[1094699044, 4042915324, 13, 5, 4, 4]
[1332747870, 3219018752, 13, 5, 4, 4]
[3341037760, 2418621952, 13, 5, 5, 3]
[1167848065, 2163773536, 13, 5, 4, 4]
[1645550853, 3218853880, 13, 5, 5, 3]
[3668655776, 4278388856, 13, 5, 4, 4]
[3588746520, 4291489856, 13, 5, 4, 4]
[2532352194, 8109442, 13, 5, 4, 4]
[1711220200, 1344335901, 13, 5, 4, 4]
[3423724412, 940171264, 13, 5, 4, 4]
[2710669182, 3187211269, 13, 5, 4, 4]
[2868424765, 2130933694, 13, 5, 4, 4]
[2810822154, 2851671124, 13, 5, 4, 4]
[4159465304, 3149402872, 13, 5, 4, 4]
[111429581, 4246212344, 13, 5, 4, 4]
[4012973041, 1340598178, 13, 5, 4, 4]
[3585603248, 2891465800, 13, 5, 4, 4]
[2183413400, 1906356225, 13, 5, 4, 4]
[2216196290, 1651433472, 13, 5, 4, 4]
[578351003, 2231698368, 13, 5, 4, 4]
[2402819390, 2584487803, 13, 5, 4, 4]
[3451141288, 2150753056, 13, 6, 4, 3]
[1060352226, 535537530, 13, 5, 4, 4]
[4220517174, 2000681084, 13, 5, 4, 4]
[213946844, 4708865, 13, 5, 5, 3]
[1432342389, 2147868160, 13, 5, 4, 4]
[1364199517, 4025908704, 13, 5, 4, 4]
[1743448126, 3146006538, 13, 5, 4, 4]
[1485785346, 2145107688, 13, 5, 4, 4]
[340496664, 2105532485, 13, 5, 4, 4]
[3886140856, 2011368448, 13, 5, 4, 4]
[1865121898, 3796637728, 13, 5, 4, 4]
[4277281382, 4044357251, 13, 5, 4, 4]
[1085619965, 2268200754, 13, 5, 4, 4]
[544162115, 329346, 13, 5, 4, 4]
[1877370000, 1635876868, 13, 6, 4, 3]
[972304232, 1337585664, 13, 5, 4, 4]
[2094265808, 3900966781, 13, 5, 4, 4]
[4031693481, 482181264, 13, 5, 4, 4]
[4203346194, 137367872, 13, 5, 4, 4]
[2158277430, 2671509318, 13, 5, 4, 4]
[16268443, 151519632, 13, 5, 4, 4]
[3908795708, 4262447096, 13, 5, 4, 4]
[3045330329, 320478206, 13, 5, 4, 4]
[536173066, 2917335024, 13, 5, 4, 4]
[4123114534, 2144329476, 13, 5, 4, 4]
[3893441868, 2975875080, 13, 5, 4, 4]
[2038215366, 2248412931, 13, 6, 4, 3]
[1156171647, 3221354435, 13, 5, 4, 4]
[663519803, 4286071009, 13, 5, 4, 4]
[1953990928, 3110871280, 13, 5, 4, 4]
[3100544990, 2130578308, 13, 5, 4, 4]
[577807008, 253734627, 13, 5, 4, 4]
[3188508097, 2895512794, 13, 5, 4, 4]
[364805836, 4261408600, 13, 5, 4, 4]
[1021012479, 3154245750, 13, 5, 4, 4]
[654020627, 2147468023, 13, 5, 4, 4]
[2418439255, 3625287636, 13, 5, 4, 4]
[3321311371, 537792510, 13, 5, 4, 4]
[402077338, 2215624640, 13, 5, 4, 4]
[4116404815, 1081601759, 13, 5, 4, 4]
[2874287264, 2169538427, 13, 5, 4, 4]
[3457496587, 4292309026, 13, 5, 4, 4]
[1242284054, 2685431840, 13, 5, 4, 4]
[2726279927, 4262396926, 13, 5, 4, 4]
[671428771, 71843850, 13, 5, 4, 4]
[3413901834, 4024465600, 13, 5, 4, 4]
[2953108668, 1604354104, 13, 5, 4, 4]
[4040149851, 2146337152, 13, 5, 4, 4]
[4255138709, 522189760, 13, 5, 4, 4]
[377975853, 530596865, 13, 5, 4, 4]
[4061308984, 4284469276, 13, 6, 4, 3]
[3255108023, 397304, 13, 5, 4, 4]
[2374336449, 531727364, 13, 5, 4, 4]
[2120440341, 865644825, 13, 5, 4, 4]
[3749195662, 2147339200, 13, 5, 4, 4]
[371327137, 4294801872, 13, 5, 4, 4]
[145095487, 945812416, 13, 5, 4, 4]
[804984611, 235438081, 13, 5, 4, 4]
[1011950096, 2092933248, 13, 5, 4, 4]
[3187626505, 140292094, 13, 5, 4, 4]
[31295282, 2505887723, 13, 5, 4, 4]
[1624850373, 4228316774, 13, 5, 4, 4]
[931823488, 304660712, 13, 5, 4, 4]
[4132987121, 829944085, 13, 5, 4, 4]
[4263551251, 25161984, 13, 5, 4, 4]
[2289563189, 4291248320, 13, 5, 4, 4]
[762888326, 125966, 13, 5, 4, 4]
[2396716528, 2059671455, 13, 5, 4, 4]
[3656769462, 4253216796, 13, 5, 4, 4]
[2963230840, 1995145426, 13, 5, 4, 4]
[2970239970, 133988986, 13, 5, 4, 4]
[3788427984, 950030335, 13, 5, 4, 4]
[2208006544, 4252763717, 14, 5, 5, 4]
[2075125228, 404489699, 14, 5, 5, 4]
[4028123856, 678434436, 14, 6, 4, 4]
[666972712, 801095560, 14, 5, 5, 4]
[2844192289, 2146922738, 14, 6, 4, 4]
[595545096, 2148550399, 14, 5, 5, 4]
[2899048572, 4010246618, 14, 5, 5, 4]
[3121340324, 291114986, 14, 5, 5, 4]
[252755263, 4210916988, 14, 6, 4, 4]
[2291102758, 1074741503, 14, 6, 4, 4]
[564154331, 265793802, 14, 6, 4, 4]
[233054865, 1075477280, 14, 6, 4, 4]
[1350965218, 1744535296, 14, 5, 5, 4]
[2724921252, 4210492298, 14, 5, 5, 4]
[357237147, 17310242, 14, 5, 5, 4]
[1587305456, 2692809248, 14, 5, 5, 4]
[1356525429, 2147624978, 14, 5, 5, 4]
[2254593012, 9488124, 14, 5, 5, 4]
[440160231, 4290757130, 14, 6, 4, 4]
[1357635890, 1076068960, 14, 6, 4, 4]
[2710701059, 4159451424, 14, 5, 5, 4]
[2644560815, 1988164602, 14, 5, 5, 4]
[4047770760, 3241138042, 14, 6, 4, 4]
[1605764163, 267976848, 14, 5, 5, 4]
[2122601616, 2892025625, 14, 6, 4, 4]
[3161081816, 1073782672, 14, 5, 5, 4]
[980389820, 3277451009, 14, 5, 5, 4]
[2483306943, 4228718598, 14, 6, 4, 4]
[2279599249, 537018304, 14, 5, 5, 4]
[947804205, 2124594941, 14, 6, 4, 4]
[1029592975, 6082812, 14, 5, 5, 4]
[1438089192, 8445249, 14, 5, 5, 4]
[2685082673, 1249705993, 14, 5, 5, 4]
[923079679, 2080781062, 14, 5, 5, 4]
[2500788859, 4227080832, 14, 6, 4, 4]
[2137277290, 282853120, 14, 5, 5, 4]
[2187410191, 175897555, 14, 6, 4, 4]
[2211051019, 3625190912, 14, 5, 5, 4]
[864014470, 2299820285, 14, 6, 4, 4]
[3202661665, 4177395096, 14, 5, 5, 4]
[3843122422, 2785740779, 14, 5, 5, 4]
[1777112701, 2874732545, 14, 6, 4, 4]
[2344648218, 3277594498, 14, 5, 5, 4]
[3672622108, 1610576384, 14, 6, 4, 4]
[4156268577, 66483297, 14, 5, 5, 4]
[4199263607, 4274524384, 14, 6, 4, 4]
[1072520339, 4162977759, 14, 6, 4, 4]
[2503595784, 1107353052, 14, 6, 4, 4]
[1661593352, 2826887765, 14, 5, 5, 4]
[139749980, 3530034089, 14, 5, 5, 4]
[3227404768, 1343265264, 14, 5, 5, 4]
[20880067, 167247371, 14, 5, 5, 4]
[4251112448, 1985477632, 14, 5, 5, 4]
[2014286249, 1067925503, 14, 5, 5, 4]
[290504432, 1569728653, 14, 5, 5, 4]
[3538292731, 4290806512, 14, 5, 5, 4]
[2108688020, 2128873856, 14, 5, 5, 4]
[107975201, 2869432055, 14, 6, 4, 4]
[3271687098, 3585040780, 14, 5, 5, 4]
[1007707962, 3229310977, 14, 5, 5, 4]
[3998725108, 3758092543, 15, 6, 5, 4]
[400169652, 4154474432, 15, 5, 5, 5]
[2949565420, 3760226446, 15, 5, 5, 5]
[2071193716, 2888038040, 15, 6, 5, 4]
[1384039030, 2084603648, 15, 5, 5, 5]
[3589330440, 1340092424, 15, 5, 5, 5]
[2252271619, 2155952382, 15, 6, 5, 4]
[1339284527, 4287486496, 15, 5, 5, 5]
[2159542180, 3140014957, 15, 5, 5, 5]
[1029020160, 3153986452, 15, 5, 5, 5]
[1257951231, 4274135460, 15, 5, 5, 5]
[141816507, 570430484, 15, 6, 5, 4]
[3567927681, 17266800, 15, 6, 5, 4]
[4283871077, 63438607, 15, 6, 5, 4]
[390223104, 3716170224, 15, 5, 5, 5]
[886851096, 2416998400, 15, 6, 5, 4]
[950026139, 4108140280, 15, 5, 5, 5]
[2599814665, 3230074896, 15, 6, 5, 4]
[3423952583, 4261535781, 15, 6, 5, 4]
[1632753350, 938540544, 15, 6, 5, 4]
[4284653100, 169869589, 15, 5, 5, 5]
[801620977, 1880653984, 15, 6, 5, 4]
[2083008361, 4206207036, 15, 6, 5, 4]
[2131917278, 4210818698, 15, 5, 5, 5]
[397737474, 2412789902, 15, 5, 5, 5]
[1065360813, 2085748994, 15, 6, 5, 4]
[3166963075, 4160620464, 15, 5, 5, 5]
[3979866256, 4070592, 15, 5, 5, 5]
[3234019387, 1415708198, 15, 5, 5, 5]
[219263240, 402645382, 15, 5, 5, 5]
[668203381, 200818600, 15, 6, 5, 4]
[1284438018, 3942614922, 15, 6, 5, 4]
[575556091, 2149044432, 15, 6, 5, 4]
[3143565212, 2143144958, 15, 5, 5, 5]
[3765984914, 4286775616, 15, 6, 5, 4]
[25217681, 1276641926, 15, 5, 5, 5]
[1993629664, 863977985, 15, 6, 5, 4]
[803015031, 2157477880, 15, 7, 4, 4]
[48757170, 4034922507, 15, 5, 5, 5]
[3199696743, 398328316, 15, 5, 5, 5]
[3735955698, 1065025027, 15, 6, 5, 4]
[211515848, 4034928383, 15, 6, 5, 4]
[439552143, 335528832, 16, 6, 5, 5]
[3276091386, 2689557240, 16, 6, 5, 5]
[3024085051, 1058922624, 16, 6, 5, 5]
[2806642880, 27332081, 16, 6, 5, 5]
[1438625200, 1876881056, 16, 6, 5, 5]
[1474308415, 828306207, 16, 6, 5, 5]
[1059562328, 2161158081, 16, 6, 5, 5]
[268100698, 1343913960, 16, 6, 5, 5]
[973369354, 3690328076, 16, 6, 5, 5]
[2063112948, 3756259327, 16, 6, 5, 5]
[494825660, 394276671, 16, 6, 5, 5]
[2578120976, 3256815351, 16, 6, 5, 5]
[634413248, 1042824448, 16, 6, 6, 4]
[4023414295, 792559456, 16, 6, 5, 5]
[4184081180, 83882254, 16, 6, 5, 5]
[825363551, 4164823168, 16, 7, 5, 4]
[1356827774, 2030337540, 16, 7, 5, 4]
[4266658932, 2993024, 16, 6, 5, 5]
[3078586731, 135926788, 16, 6, 6, 4]
[2298340390, 3629389803, 16, 7, 5, 4]
[3728463605, 782749567, 16, 6, 6, 4]
[2085710896, 3078354431, 16, 6, 5, 5]
[2162478402, 1979974140, 16, 6, 5, 5]
[4051358212, 2146952132, 16, 6, 5, 5]
[3205036440, 4093929456, 16, 6, 5, 5]
[213834109, 1124173696, 16, 6, 5, 5]
[679870002, 4269992977, 16, 6, 5, 5]
[589038860, 4160769360, 16, 7, 5, 4]
[317744232, 1627397567, 16, 6, 5, 5]
[1308490401, 1677689586, 16, 6, 5, 5]
[2327711491, 536093200, 16, 6, 6, 4]
[1703382095, 570702848, 16, 8, 5, 3]
[2382512393, 2185198844, 16, 6, 5, 5]
[3019856601, 1593696321, 16, 6, 5, 5]
[1518490388, 2290159873, 16, 6, 5, 5]
[186820609, 1879567720, 16, 6, 5, 5]
[3938188270, 321904130, 16, 6, 5, 5]
[3789012690, 2018496528, 16, 6, 5, 5]
[1443363326, 3894691120, 17, 6, 6, 5]
[3093301097, 1874455558, 17, 6, 6, 5]
[3716650544, 2959102239, 17, 6, 6, 5]
[3237735963, 2131100320, 17, 6, 6, 5]
[1864447618, 2081695744, 17, 6, 6, 5]
[1078336415, 2868773048, 17, 6, 6, 5]
[2225083636, 3492022048, 17, 6, 6, 5]
[3588241567, 2149773312, 17, 7, 5, 5]
[3563176256, 2278459904, 17, 6, 6, 5]
[4264273089, 1577059617, 17, 6, 6, 5]
[3029335917, 4027962400, 17, 6, 6, 5]
[3421766774, 2194022456, 17, 6, 6, 5]
[3793575488, 1977602069, 17, 7, 5, 5]
[3749208440, 99287363, 17, 6, 6, 5]
[1778447002, 4233162752, 17, 6, 6, 5]
[3228451453, 1610743664, 18, 7, 6, 5]
[3088211925, 1117995003, 18, 7, 6, 5]
[852034274, 4160718984, 18, 7, 6, 5]
[457830158, 671103104, 18, 6, 6, 6]
[1321183270, 4271668736, 18, 6, 6, 6]
[3963130040, 2113921214, 18, 6, 6, 6]
[1022032360, 268410264, 18, 8, 5, 5]
[2279633026, 1605287948, 18, 6, 6, 6]
[1001386753, 4290535552, 18, 6, 6, 6]
[1393074718, 3489626068, 18, 7, 6, 5]
[3119785861, 1073614944, 18, 6, 6, 6]
[3981205377, 2868737960, 18, 7, 6, 5]
[3295643394, 1078157057, 18, 8, 5, 5]
[278591381, 4293033736, 18, 6, 6, 6]
[1130361699, 3016448, 18, 8, 5, 5]
[316674115, 4290800384, 18, 7, 6, 5]
[4199734283, 2951221480, 18, 7, 6, 5]
[14007992, 2193620618, 18, 7, 6, 5]
[41633137, 243268631, 18, 6, 6, 6]
[4117018483, 64491786, 18, 7, 6, 5]
[367034520, 2201317376, 18, 6, 6, 6]
[1054886630, 2155046912, 18, 7, 6, 5]
[3237837776, 9463815, 18, 7, 6, 5]
[543493136, 2416432130, 18, 7, 6, 5]
[1504702493, 2130899072, 18, 7, 6, 5]
[2107112111, 134688496, 18, 7, 6, 5]
[2135450670, 572785152, 19, 7, 6, 6]
[32459857, 1602223425, 19, 7, 6, 6]
[97287938, 2818574710, 19, 7, 6, 6]
[3621511739, 8929184, 19, 7, 6, 6]
[69935080, 4294942651, 19, 8, 6, 5]
[2508038396, 4261474011, 19, 7, 6, 6]
[1710297796, 2214531114, 19, 7, 6, 6]
[3414172627, 9466880, 19, 7, 6, 6]
[2617615104, 3795951613, 19, 7, 6, 6]
[1152354446, 2954233695, 19, 7, 7, 5]
[3732359039, 1986242, 19, 8, 6, 5]
[3726885371, 1964494846, 19, 7, 6, 6]
[2099240280, 2311321597, 19, 7, 6, 6]
[358350877, 215989186, 19, 7, 6, 6]
[242909199, 4136625139, 19, 7, 6, 6]
[533208833, 4019519584, 19, 7, 6, 6]
[2080465944, 3091462527, 19, 7, 6, 6]
[1341734845, 3761340418, 19, 7, 6, 6]
[2883053448, 803594272, 19, 7, 6, 6]
[408201348, 1411366742, 19, 8, 6, 5]
[3248873859, 4294575035, 20, 7, 7, 6]
[1123532520, 2550177072, 20, 7, 7, 6]
[2137637858, 4143710476, 20, 7, 7, 6]
[92865525, 4026003272, 20, 7, 7, 6]
[671719162, 3356475372, 20, 8, 6, 6]
[2013150325, 4193828866, 20, 7, 7, 6]
[3415457756, 2076582008, 20, 8, 6, 6]
[3641152768, 562052480, 20, 8, 6, 6]
[92765719, 532148052, 20, 8, 6, 6]
[669073796, 4261344002, 20, 8, 6, 6]
[2390703807, 168567810, 20, 7, 7, 6]
[3947490322, 3758114608, 20, 8, 6, 6]
[1871443968, 3483861248, 20, 8, 6, 6]
[410476672, 41959232, 21, 9, 6, 6]
[1474936352, 1611173168, 21, 7, 7, 7]
[2079850708, 2170380224, 21, 7, 7, 7]
[3153395472, 336984704, 21, 7, 7, 7]
[2160955368, 496239035, 21, 8, 7, 6]
[40235979, 3857710132, 21, 8, 7, 6]
[3178185179, 17171416, 21, 8, 7, 6]
[2416975429, 32777599, 21, 8, 7, 6]
[2148741164, 1206648824, 21, 7, 7, 7]
[1076096495, 2189557768, 22, 8, 7, 7]
[4259737980, 470287108, 22, 8, 7, 7]
[4289077203, 74972942, 22, 9, 7, 6]
[1883716414, 2585007696, 22, 8, 7, 7]
[3225685764, 4094295960, 22, 8, 7, 7]
[3556693532, 3962970122, 22, 10, 6, 6]
[1078218210, 4215319032, 22, 8, 7, 7]
[1077797662, 1284605, 22, 8, 7, 7]
[4056936314, 4290874240, 22, 8, 7, 7]
[4136235324, 2113933073, 22, 8, 7, 7]
[2145457642, 130285528, 22, 8, 7, 7]
[3841493682, 3791665152, 22, 11, 6, 5]
[1619688468, 102695232, 23, 8, 8, 7]
[1484260657, 4158583792, 23, 10, 7, 6]
[1186496379, 4294839828, 23, 8, 8, 7]
[2201581300, 4292609892, 23, 11, 6, 6]
[1526482526, 4009687040, 23, 9, 8, 6]
[3833592187, 4292490240, 24, 9, 8, 7]
[3524282340, 2416477408, 24, 9, 8, 7]
[2059788326, 141822048, 24, 9, 8, 7]
[2954596492, 1092648993, 24, 9, 8, 7]
[4278390710, 544210568, 24, 10, 7, 7]
[2392294392, 4161022100, 24, 8, 8, 8]
[2149055159, 3229352000, 24, 8, 8, 8]
[249733000, 1993336831, 24, 8, 8, 8]
[2208462782, 2017028, 24, 9, 8, 7]
[3625907170, 2140159998, 25, 9, 8, 8]
[2110323332, 1149153216, 25, 9, 9, 7]
[3155285, 326631288, 25, 9, 8, 8]
[2097079642, 9172990, 25, 10, 8, 7]
[4002435208, 4357098, 25, 10, 8, 7]
[931065695, 2063995952, 25, 9, 8, 8]
[4277696963, 4126671504, 25, 9, 9, 7]
[3963098210, 2165317696, 26, 9, 9, 8]
[1623864576, 570360239, 26, 9, 9, 8]
[2231137306, 3263952928, 26, 9, 9, 8]
[2151506372, 1075227524, 26, 10, 8, 8]
[3942514439, 4144855034, 26, 10, 8, 8]
[1603463244, 2145321246, 26, 10, 9, 7]
[2239744808, 11639808, 26, 9, 9, 8]
[3714235796, 67120890, 26, 9, 9, 8]
[3824353824, 2152207134, 26, 10, 8, 8]
[4289723474, 2133852032, 27, 11, 8, 8]
[2676955024, 4085186336, 27, 12, 8, 7]
[3238559080, 168007696, 27, 10, 9, 8]
[332613512, 201334698, 27, 9, 9, 9]
[3027247123, 1055006464, 27, 10, 9, 8]
[1002963466, 2135295552, 27, 10, 9, 8]
[267983841, 3959324704, 27, 9, 9, 9]
[3958853684, 1067458572, 27, 10, 9, 8]
[3208315356, 16122354, 27, 12, 8, 7]
[4166125184, 335025112, 27, 9, 9, 9]
[1082503777, 2231501042, 28, 10, 10, 8]
[2431590378, 8447976, 28, 11, 9, 8]
[11683900, 4288675555, 28, 10, 9, 9]
[1613369216, 2180972561, 28, 10, 9, 9]
[1425331936, 1073969160, 29, 11, 9, 9]
[3959234947, 3019366358, 29, 10, 10, 9]
[2954757605, 167280692, 29, 10, 10, 9]
[4267440172, 4031251520, 29, 12, 9, 8]
[2318860209, 4294919320, 29, 11, 9, 9]
[3564910201, 1879171328, 29, 11, 11, 7]
[2156136677, 4022075200, 30, 10, 10, 10]
[3154254720, 205545480, 30, 12, 9, 9]
[2956066496, 4244668542, 31, 11, 10, 10]
[1609535928, 4206952407, 31, 13, 9, 9]
[33000401, 545260748, 32, 13, 10, 9]
[872585351, 3221348380, 32, 12, 11, 9]
[2153426818, 2080112544, 32, 12, 10, 10]
[4093725926, 4258258943, 33, 13, 10, 10]
[2175090612, 53010, 34, 14, 10, 10]
[2253718530, 4160491400, 35, 15, 10, 10]
[2147754966, 3787718689, 35, 13, 11, 11]
[805385122, 11501572, 35, 13, 11, 11]
[3923578874, 2113605626, 36, 13, 12, 11]
[2026307327, 4294708120, 36, 13, 13, 10]
[39585345, 167771076, 36, 13, 12, 11]
[3636199412, 67748360, 36, 12, 12, 12]
[3666870083, 3252667393, 37, 15, 11, 11]
[205539197, 4076963336, 37, 13, 12, 12]
[808976890, 2169099840, 37, 13, 12, 12]
[4293038011, 2248671238, 37, 14, 12, 11]
[1442795300, 37818366, 38, 16, 12, 10]
[316705, 3026714645, 39, 14, 13, 12]
[1409583592, 4034977793, 40, 14, 14, 12]
[1075816369, 1065484159, 41, 16, 13, 12]
[44079617, 1879049209, 41, 14, 14, 13]
[2143943800, 1679032274, 42, 15, 14, 13]
[4259405583, 4253025022, 44, 15, 15, 14]
[1070325684, 4235853704, 45, 17, 15, 13]
[3227030657, 536739583, 50, 17, 17, 16]
[1709198266, 2148593664, 52, 20, 17, 15]
[22397686, 1477444096, 53, 19, 17, 17]
[29361688, 1874853110, 56, 20, 18, 18]
[2323341313, 8436748, 59, 22, 20, 17]
[268698656, 1610579894, 61, 21, 20, 20]
[4286968155, 2130181872, 63, 22, 21, 20]
[1399302, 267386839, 70, 24, 23, 23]
[3958392322, 1880104928, 71, 24, 24, 23]
[3214967236, 4262068480, 72, 29, 24, 19]
[2183497664, 2183236, 85, 31, 27, 27]
[658530320, 16897, 371, 128, 124, 119]
