40960 0
4294942720 4
106496 5
4294877184 9
172032 11
237568 15
4294746112 19
368640 23
499712 31
4294549504 39
761856 47
4294811648 55
1024000 63
4294156288 79
1548288 95
4294680576 111
2072576 127
4293369856 159
3121152 191
4294418432 223
4169728 255
4291796992 319
6266880 383
4293894144 447
8364032 511
4288651264 639
12558336 767
4292845568 895
16752641 1023
4282359808 1279
25141248 1535
4290748416 1791
33529857 2047
4269776896 2559
50307073 3071
4286554112 3583
67084289 4095
4244611073 5119
100638721 6143
4278165505 7167
134193153 8191
4194279425 10239
201302017 12287
4261388289 14335
268410881 16383
4093616129 20479
402628609 24575
4227833857 28671
536846337 32767
3892289537 40959
805281793 49151
4160724993 57343
1073717249 65535
3489636353 81919
1610588161 98303
4026507265 114687
2147459074 131071
16752639 132095
33529859 133119
50307071 134143
67084291 135167
4244611071 136191
100638723 137215
4278165503 138239
134193155 139263
4194279427 141311
201302019 143359
4261388291 145407
268410883 147455
4093616131 151551
402628611 155647
4227833859 159743
2684329987 163839
3892289539 172031
805281795 180223
4160724995 188415
3221200899 196607
3489636355 212991
3758071811 229375
4026507267 245759
4294942724 262143
33529853 264191
67084293 266239
100638717 268287
134193157 270335
4194279421 272383
201302021 274431
4261388285 276479
268410885 278527
4093616133 282623
402628613 286719
4227833861 290815
536846341 294911
3892289541 303103
805281797 311295
4160724997 319487
1073717253 327679
3489636357 344063
1610588165 360447
4026507269 376831
2147459078 393215
33529855 395263
67084295 397311
100638719 399359
134193159 401407
4194279423 403455
201302023 405503
4261388287 407551
268410887 409599
4093616135 413695
402628615 417791
4227833863 421887
2684329991 425983
3892289543 434175
805281799 442367
4160724999 450559
3221200903 458751
3489636359 475135
3758071815 491519
4026507271 507903
4294942729 524287
67084283 528383
134193163 532479
201302011 536575
268410891 540671
4093616123 544767
402628619 548863
4227833851 552959
536846347 557055
3892289547 565247
805281803 573439
4160725003 581631
1073717259 589823
3489636363 606207
1610588171 622591
4026507275 638975
2147459082 655359
67084281 659455
134193161 663551
201302009 667647
268410889 671743
4093616121 675839
402628617 679935
4227833849 684031
2684329993 688127
3892289545 696319
805281801 704511
4160725001 712703
3221200905 720895
3489636361 737279
3758071817 753663
4026507273 770047
4294942732 786431
67084287 790527
134193167 794623
201302015 798719
268410895 802815
4093616127 806911
402628623 811007
4227833855 815103
536846351 819199
3892289551 827391
805281807 835583
4160725007 843775
1073717263 851967
3489636367 868351
1610588175 884735
4026507279 901119
2147459086 917503
67084285 921599
134193165 925695
201302013 929791
268410893 933887
4093616125 937983
402628621 942079
4227833853 946175
2684329997 950271
3892289549 958463
805281805 966655
4160725005 974847
3221200909 983039
3489636365 999423
3758071821 1015807
4026507277 1032191
4294942737 1048575
134193141 1056767
268410901 1064959
402628597 1073151
536846357 1081343
3892289525 1089535
805281813 1097727
4160724981 1105919
1073717269 1114111
3489636373 1130495
1610588181 1146879
4026507285 1163263
2147459094 1179647
134193143 1187839
268410903 1196031
402628599 1204223
2684330007 1212415
3892289527 1220607
805281815 1228799
4160724983 1236991
3221200919 1245183
3489636375 1261567
3758071831 1277951
