40960 0
4294942720 4
106496 5
4294877184 9
172032 11
237568 15
4294746112 19
368640 23
499712 31
4294549504 39
761856 47
4294811648 55
1024000 63
4294156288 79
1548288 95
4294680576 111
2072576 127
4293369856 159
3121152 191
4294418432 223
4169728 255
4291796992 319
6266880 383
4293894144 447
8364032 511
4288651264 639
12558336 767
4292845568 895
16752641 1023
4282359808 1279
25141248 1535
4290748416 1791
33529857 2047
4269776896 2559
50307073 3071
4286554112 3583
67084289 4095
4244611073 5119
100638721 6143
4278165505 7167
134193153 8191
4194279425 10239
201302017 12287
4261388289 14335
268410881 16383
4093616129 20479
402628609 24575
4227833857 28671
536846337 32767
3892289537 40959
805281793 49151
4160724993 57343
1073717249 65535
3489636353 81919
1610588161 98303
4026507265 114687
2147459074 131071
16752639 132095
33529859 133119
50307071 134143
67084291 135167
4244611071 136191
100638723 137215
4278165503 138239
134193155 139263
4194279427 141311
201302019 143359
4261388291 145407
268410883 147455
4093616131 151551
402628611 155647
4227833859 159743
2684329987 163839
3892289539 172031
805281795 180223
4160724995 188415
3221200899 196607
3489636355 212991
3758071811 229375
4026507267 245759
4294942724 262143
33529853 264191
67084293 266239
100638717 268287
134193157 270335
4194279421 272383
201302021 274431
4261388285 276479
268410885 278527
4093616133 282623
402628613 286719
4227833861 290815
536846341 294911
3892289541 303103
805281797 311295
4160724997 319487
1073717253 327679
3489636357 344063
1610588165 360447
4026507269 376831
2147459078 393215
33529855 395263
67084295 397311
100638719 399359
134193159 401407
4194279423 403455
201302023 405503
4261388287 407551
268410887 409599
4093616135 413695
402628615 417791
4227833863 421887
2684329991 425983
3892289543 434175
805281799 442367
4160724999 450559
3221200903 458751
3489636359 475135
3758071815 491519
4026507271 507903
4294942729 524287
67084283 528383
134193163 532479
201302011 536575
268410891 540671
4093616123 544767
402628619 548863
4227833851 552959
536846347 557055
3892289547 565247
805281803 573439
4160725003 581631
1073717259 589823
3489636363 606207
1610588171 622591
4026507275 638975
2147459082 655359
67084281 659455
134193161 663551
201302009 667647
268410889 671743
4093616121 675839
402628617 679935
4227833849 684031
2684329993 688127
3892289545 696319
805281801 704511
4160725001 712703
3221200905 720895
3489636361 737279
3758071817 753663
4026507273 770047
4294942732 786431
67084287 790527
134193167 794623
201302015 798719
268410895 802815
4093616127 806911
402628623 811007
4227833855 815103
536846351 819199
3892289551 827391
805281807 835583
4160725007 843775
1073717263 851967
3489636367 868351
1610588175 884735
4026507279 901119
2147459086 917503
67084285 921599
134193165 925695
201302013 929791
268410893 933887
4093616125 937983
402628621 942079
4227833853 946175
2684329997 950271
3892289549 958463
805281805 966655
4160725005 974847
3221200909 983039
3489636365 999423
3758071821 1015807
4026507277 1032191
4294942737 1048575
134193141 1056767
268410901 1064959
402628597 1073151
536846357 1081343
3892289525 1089535
805281813 1097727
4160724981 1105919
1073717269 1114111
3489636373 1130495
1610588181 1146879
4026507285 1163263
2147459094 1179647
134193143 1187839
268410903 1196031
402628599 1204223
2684330007 1212415
3892289527 1220607
805281815 1228799
4160724983 1236991
3221200919 1245183
3489636375 1261567
3758071831 1277951
4026507287 1294335
4294942740 1310719
134193137 1318911
268410897 1327103
402628593 1335295
536846353 1343487
3892289521 1351679
805281809 1359871
4160724977 1368063
1073717265 1376255
3489636369 1392639
1610588177 1409023
4026507281 1425407
2147459090 1441791
134193139 1449983
268410899 1458175
402628595 1466367
2684330003 1474559
3892289523 1482751
805281811 1490943
4160724979 1499135
3221200915 1507327
3489636371 1523711
3758071827 1540095
4026507283 1556479
4294942745 1572863
134193151 1581055
268410911 1589247
402628607 1597439
536846367 1605631
3892289535 1613823
805281823 1622015
4160724991 1630207
1073717279 1638399
3489636383 1654783
1610588191 1671167
4026507295 1687551
2147459102 1703935
134193149 1712127
268410909 1720319
402628605 1728511
2684330013 1736703
3892289533 1744895
805281821 1753087
4160724989 1761279
3221200925 1769471
3489636381 1785855
3758071837 1802239
4026507293 1818623
4294942748 1835007
134193147 1843199
268410907 1851391
402628603 1859583
536846363 1867775
3892289531 1875967
805281819 1884159
4160724987 1892351
1073717275 1900543
3489636379 1916927
1610588187 1933311
4026507291 1949695
2147459098 1966079
134193145 1974271
268410905 1982463
402628601 1990655
2684330009 1998847
3892289529 2007039
805281817 2015231
4160724985 2023423
3221200921 2031615
3489636377 2047999
3758071833 2064383
4026507289 2080767
4294942753 2097151
268410857 2113535
536846377 2129919
805281769 2146303
1073717289 2162687
3489636329 2179071
1610588201 2195455
4026507241 2211839
2147459114 2228223
268410859 2244607
2684330027 2260991
805281771 2277375
3221200939 2293759
3489636331 2310143
3758071851 2326527
4026507243 2342911
4294942764 2359295
268410861 2375679
536846381 2392063
805281773 2408447
1073717293 2424831
3489636333 2441215
1610588205 2457599
4026507245 2473983
2147459118 2490367
268410863 2506751
2684330031 2523135
805281775 2539519
3221200943 2555903
3489636335 2572287
3758071855 2588671
4026507247 2605055
4294942761 2621439
268410851 2637823
536846371 2654207
805281763 2670591
1073717283 2686975
3489636323 2703359
1610588195 2719743
4026507235 2736127
2147459106 2752511
268410849 2768895
2684330017 2785279
805281761 2801663
3221200929 2818047
3489636321 2834431
3758071841 2850815
4026507233 2867199
4294942756 2883583
268410855 2899967
536846375 2916351
805281767 2932735
1073717287 2949119
3489636327 2965503
1610588199 2981887
4026507239 2998271
2147459110 3014655
268410853 3031039
2684330021 3047423
805281765 3063807
3221200933 3080191
3489636325 3096575
3758071845 3112959
4026507237 3129343
4294942769 3145727
268410877 3162111
536846397 3178495
805281789 3194879
1073717309 3211263
3489636349 3227647
1610588221 3244031
4026507261 3260415
2147459134 3276799
268410879 3293183
2684330047 3309567
805281791 3325951
3221200959 3342335
3489636351 3358719
3758071871 3375103
4026507263 3391487
4294942780 3407871
268410873 3424255
536846393 3440639
805281785 3457023
1073717305 3473407
3489636345 3489791
1610588217 3506175
4026507257 3522559
2147459130 3538943
268410875 3555327
2684330043 3571711
805281787 3588095
3221200955 3604479
3489636347 3620863
3758071867 3637247
4026507259 3653631
4294942777 3670015
268410871 3686399
536846391 3702783
805281783 3719167
1073717303 3735551
3489636343 3751935
1610588215 3768319
4026507255 3784703
2147459126 3801087
268410869 3817471
2684330037 3833855
805281781 3850239
3221200949 3866623
3489636341 3883007
3758071861 3899391
4026507253 3915775
4294942772 3932159
268410867 3948543
536846387 3964927
805281779 3981311
1073717299 3997695
3489636339 4014079
1610588211 4030463
4026507251 4046847
2147459122 4063231
268410865 4079615
2684330033 4095999
805281777 4112383
3221200945 4128767
3489636337 4145151
3758071857 4161535
4026507249 4177919
4294942785 4194303
536846289 4227071
1073717329 4259839
1610588113 4292607
2147459154 4325375
2684329939 4358143
3221200979 4390911
3758071763 4423679
4294942804 4456447
536846293 4489215
1073717333 4521983
1610588117 4554751
2147459158 4587519
2684329943 4620287
3221200983 4653055
3758071767 4685823
4294942809 4718591
536846299 4751359
1073717339 4784127
1610588123 4816895
2147459162 4849663
2684329945 4882431
3221200985 4915199
3758071769 4947967
4294942812 4980735
536846303 5013503
1073717343 5046271
1610588127 5079039
2147459166 5111807
2684329949 5144575
3221200989 5177343
3758071773 5210111
4294942801 5242879
536846277 5275647
1073717317 5308415
1610588101 5341183
2147459142 5373951
2684329927 5406719
3221200967 5439487
3758071751 5472255
4294942788 5505023
536846273 5537791
1073717313 5570559
1610588097 5603327
2147459138 5636095
2684329923 5668863
3221200963 5701631
3758071747 5734399
4294942793 5767167
536846287 5799935
1073717327 5832703
1610588111 5865471
2147459150 5898239
2684329933 5931007
3221200973 5963775
3758071757 5996543
4294942796 6029311
536846283 6062079
1073717323 6094847
1610588107 6127615
2147459146 6160383
2684329929 6193151
3221200969 6225919
3758071753 6258687
4294942817 6291455
536846329 6324223
1073717369 6356991
1610588153 6389759
2147459194 6422527
2684329979 6455295
3221201019 6488063
3758071803 6520831
4294942844 6553599
536846333 6586367
1073717373 6619135
1610588157 6651903
2147459198 6684671
2684329983 6717439
3221201023 6750207
3758071807 6782975
4294942841 6815743
536846323 6848511
1073717363 6881279
1610588147 6914047
2147459186 6946815
2684329969 6979583
3221201009 7012351
3758071793 7045119
4294942836 7077887
536846327 7110655
1073717367 7143423
1610588151 7176191
2147459190 7208959
2684329973 7241727
3221201013 7274495
3758071797 7307263
4294942833 7340031
536846317 7372799
1073717357 7405567
1610588141 7438335
2147459182 7471103
2684329967 7503871
3221201007 7536639
3758071791 7569407
4294942828 7602175
536846313 7634943
1073717353 7667711
1610588137 7700479
2147459178 7733247
2684329963 7766015
3221201003 7798783
3758071787 7831551
4294942825 7864319
536846311 7897087
1073717351 7929855
1610588135 7962623
2147459174 7995391
2684329957 8028159
3221200997 8060927
3758071781 8093695
4294942820 8126463
536846307 8159231
1073717347 8191999
1610588131 8224767
2147459170 8257535
2684329953 8290303
3221200993 8323071
3758071777 8355839
4294942849 8388607
24576 8388608
57344 8388609
4294926336 8388612
122880 8388613
4294893568 8388617
188416 8388619
4294959104 8388621
253952 8388623
4294762496 8388627
385024 8388631
516096 8388639
4294565888 8388647
778240 8388655
4294828032 8388663
1040384 8388671
4294172672 8388687
1564672 8388703
4294696960 8388719
2088960 8388735
4293386240 8388767
3137536 8388799
4294434816 8388831
4186112 8388863
4291813376 8388927
6283264 8388991
4293910528 8389055
8380416 8389119
4288667648 8389247
12574720 8389375
4292861952 8389503
16769025 8389631
4282376192 8389887
25157632 8390143
4290764800 8390399
33546241 8390655
4269793280 8391167
50323457 8391679
4286570496 8392191
67100673 8392703
4244627457 8393727
100655105 8394751
4278181889 8395775
134209537 8396799
4194295809 8398847
201318401 8400895
4261404673 8402943
268427233 8404991
4093632513 8409087
402644993 8413183
4227850241 8417279
536862753 8421375
3892305921 8429567
805298145 8437759
4160741377 8445951
1073733537 8454143
3489652705 8470527
1610604577 8486911
4026523617 8503295
2147475618 8519679
16769023 8520703
33546243 8521727
50323455 8522751
67100675 8523775
4244627455 8524799
100655107 8525823
4278181887 8526847
134209539 8527871
4194295811 8529919
201318403 8531967
4261404675 8534015
268427235 8536063
4093632515 8540159
402644995 8544255
4227850243 8548351
2684346403 8552447
3892305923 8560639
805298147 8568831
4160741379 8577023
3221217187 8585215
3489652707 8601599
3758088227 8617983
4026523619 8634367
4294959268 8650751
33546237 8652799
67100677 8654847
100655101 8656895
134209541 8658943
4194295805 8660991
201318405 8663039
4261404669 8665087
268427237 8667135
4093632517 8671231
402644997 8675327
4227850245 8679423
536862757 8683519
3892305925 8691711
805298149 8699903
4160741381 8708095
1073733541 8716287
3489652709 8732671
1610604581 8749055
4026523621 8765439
2147475622 8781823
33546239 8783871
67100679 8785919
100655103 8787967
134209543 8790015
4194295807 8792063
201318407 8794111
4261404671 8796159
268427239 8798207
4093632519 8802303
402644999 8806399
4227850247 8810495
2684346407 8814591
3892305927 8822783
805298151 8830975
4160741383 8839167
3221217191 8847359
3489652711 8863743
3758088231 8880127
4026523623 8896511
4294959273 8912895
67100667 8916991
134209547 8921087
201318395 8925183
268427243 8929279
4093632507 8933375
402645003 8937471
4227850235 8941567
536862763 8945663
3892305931 8953855
805298155 8962047
4160741387 8970239
1073733547 8978431
3489652715 8994815
1610604587 9011199
4026523627 9027583
2147475626 9043967
67100665 9048063
134209545 9052159
201318393 9056255
268427241 9060351
4093632505 9064447
402645001 9068543
4227850233 9072639
2684346409 9076735
3892305929 9084927
805298153 9093119
4160741385 9101311
3221217193 9109503
3489652713 9125887
3758088233 9142271
4026523625 9158655
4294959276 9175039
67100671 9179135
134209551 9183231
201318399 9187327
268427247 9191423
4093632511 9195519
402645007 9199615
4227850239 9203711
536862767 9207807
3892305935 9215999
805298159 9224191
4160741391 9232383
1073733551 9240575
3489652719 9256959
1610604591 9273343
4026523631 9289727
2147475630 9306111
67100669 9310207
134209549 9314303
201318397 9318399
268427245 9322495
4093632509 9326591
402645005 9330687
4227850237 9334783
2684346413 9338879
3892305933 9347071
805298157 9355263
4160741389 9363455
3221217197 9371647
3489652717 9388031
3758088237 9404415
4026523629 9420799
4294959281 9437183
134209525 9445375
268427253 9453567
402644981 9461759
536862773 9469951
3892305909 9478143
805298165 9486335
4160741365 9494527
1073733557 9502719
3489652725 9519103
1610604597 9535487
4026523637 9551871
2147475638 9568255
134209527 9576447
268427255 9584639
402644983 9592831
2684346423 9601023
3892305911 9609215
805298167 9617407
4160741367 9625599
3221217207 9633791
3489652727 9650175
3758088247 9666559
4026523639 9682943
4294959284 9699327
134209521 9707519
268427249 9715711
402644977 9723903
536862769 9732095
3892305905 9740287
805298161 9748479
4160741361 9756671
1073733553 9764863
3489652721 9781247
1610604593 9797631
4026523633 9814015
2147475634 9830399
134209523 9838591
268427251 9846783
402644979 9854975
2684346419 9863167
3892305907 9871359
805298163 9879551
4160741363 9887743
3221217203 9895935
3489652723 9912319
3758088243 9928703
4026523635 9945087
4294959289 9961471
134209535 9969663
268427263 9977855
402644991 9986047
536862783 9994239
3892305919 10002431
805298175 10010623
4160741375 10018815
1073733567 10027007
3489652735 10043391
1610604607 10059775
4026523647 10076159
2147475646 10092543
134209533 10100735
268427261 10108927
402644989 10117119
2684346429 10125311
3892305917 10133503
805298173 10141695
4160741373 10149887
3221217213 10158079
3489652733 10174463
3758088253 10190847
4026523645 10207231
4294959292 10223615
134209531 10231807
268427259 10239999
402644987 10248191
536862779 10256383
3892305915 10264575
805298171 10272767
4160741371 10280959
1073733563 10289151
3489652731 10305535
1610604603 10321919
4026523643 10338303
2147475642 10354687
134209529 10362879
268427257 10371071
402644985 10379263
2684346425 10387455
3892305913 10395647
805298169 10403839
4160741369 10412031
3221217209 10420223
3489652729 10436607
3758088249 10452991
4026523641 10469375
4294959265 10485759
268427273 10502143
536862729 10518527
805298185 10534911
1073733513 10551295
3489652745 10567679
1610604553 10584063
4026523657 10600447
2147475594 10616831
268427275 10633215
2684346379 10649599
805298187 10665983
3221217163 10682367
3489652747 10698751
3758088203 10715135
4026523659 10731519
4294959244 10747903
268427277 10764287
536862733 10780671
805298189 10797055
1073733517 10813439
3489652749 10829823
1610604557 10846207
4026523661 10862591
2147475598 10878975
268427279 10895359
2684346383 10911743
805298191 10928127
3221217167 10944511
3489652751 10960895
3758088207 10977279
4026523663 10993663
4294959241 11010047
268427267 11026431
536862723 11042815
805298179 11059199
1073733507 11075583
3489652739 11091967
1610604547 11108351
4026523651 11124735
2147475586 11141119
268427265 11157503
2684346369 11173887
805298177 11190271
3221217153 11206655
3489652737 11223039
3758088193 11239423
4026523649 11255807
4294959236 11272191
268427271 11288575
536862727 11304959
805298183 11321343
1073733511 11337727
3489652743 11354111
1610604551 11370495
4026523655 11386879
2147475590 11403263
268427269 11419647
2684346373 11436031
805298181 11452415
3221217157 11468799
3489652741 11485183
3758088197 11501567
4026523653 11517951
4294959249 11534335
268427293 11550719
536862749 11567103
805298205 11583487
1073733533 11599871
3489652765 11616255
1610604573 11632639
4026523677 11649023
2147475614 11665407
268427295 11681791
2684346399 11698175
805298207 11714559
3221217183 11730943
3489652767 11747327
3758088223 11763711
4026523679 11780095
4294959260 11796479
268427289 11812863
536862745 11829247
805298201 11845631
1073733529 11862015
3489652761 11878399
1610604569 11894783
4026523673 11911167
2147475610 11927551
268427291 11943935
2684346395 11960319
805298203 11976703
3221217179 11993087
3489652763 12009471
3758088219 12025855
4026523675 12042239
4294959257 12058623
268427287 12075007
536862743 12091391
805298199 12107775
1073733527 12124159
3489652759 12140543
1610604567 12156927
4026523671 12173311
2147475606 12189695
268427285 12206079
2684346389 12222463
805298197 12238847
3221217173 12255231
3489652757 12271615
3758088213 12287999
4026523669 12304383
4294959252 12320767
268427283 12337151
536862739 12353535
805298195 12369919
1073733523 12386303
3489652755 12402687
1610604563 12419071
4026523667 12435455
2147475602 12451839
268427281 12468223
2684346385 12484607
805298193 12500991
3221217169 12517375
3489652753 12533759
3758088209 12550143
4026523665 12566527
4294959297 12582911
536862705 12615679
1073733617 12648447
1610604529 12681215
2147475698 12713983
2684346355 12746751
3221217267 12779519
3758088179 12812287
4294959348 12845055
536862709 12877823
1073733621 12910591
1610604533 12943359
2147475702 12976127
2684346359 13008895
3221217271 13041663
3758088183 13074431
4294959353 13107199
536862715 13139967
1073733627 13172735
1610604539 13205503
2147475706 13238271
2684346361 13271039
3221217273 13303807
3758088185 13336575
4294959356 13369343
536862719 13402111
1073733631 13434879
1610604543 13467647
2147475710 13500415
2684346365 13533183
3221217277 13565951
3758088189 13598719
4294959345 13631487
536862693 13664255
1073733605 13697023
1610604517 13729791
2147475686 13762559
2684346343 13795327
3221217255 13828095
3758088167 13860863
4294959332 13893631
536862689 13926399
1073733601 13959167
1610604513 13991935
2147475682 14024703
2684346339 14057471
3221217251 14090239
3758088163 14123007
4294959337 14155775
536862703 14188543
1073733615 14221311
1610604527 14254079
2147475694 14286847
2684346349 14319615
3221217261 14352383
3758088173 14385151
4294959340 14417919
536862699 14450687
1073733611 14483455
1610604523 14516223
2147475690 14548991
2684346345 14581759
3221217257 14614527
3758088169 14647295
4294959329 14680063
536862681 14712831
1073733593 14745599
1610604505 14778367
2147475674 14811135
2684346331 14843903
3221217243 14876671
3758088155 14909439
4294959324 14942207
536862685 14974975
1073733597 15007743
1610604509 15040511
2147475678 15073279
2684346335 15106047
3221217247 15138815
3758088159 15171583
4294959321 15204351
536862675 15237119
1073733587 15269887
1610604499 15302655
2147475666 15335423
2684346321 15368191
3221217233 15400959
3758088145 15433727
4294959316 15466495
536862679 15499263
1073733591 15532031
1610604503 15564799
2147475670 15597567
2684346325 15630335
3221217237 15663103
3758088149 15695871
4294959313 15728639
536862669 15761407
1073733581 15794175
1610604493 15826943
2147475662 15859711
2684346319 15892479
3221217231 15925247
3758088143 15958015
4294959308 15990783
536862665 16023551
1073733577 16056319
1610604489 16089087
2147475658 16121855
2684346315 16154623
3221217227 16187391
3758088139 16220159
4294959305 16252927
536862663 16285695
1073733575 16318463
1610604487 16351231
2147475654 16383999
2684346309 16416767
3221217221 16449535
3758088133 16482303
4294959300 16515071
536862659 16547839
1073733571 16580607
1610604483 16613375
2147475650 16646143
2684346305 16678911
3221217217 16711679
3758088129 16744447
4294959361 16777215
8192 16777217
73728 16777219
139264 16777223
4294844416 16777225
204800 16777227
4294909952 16777229
270336 16777231
4294778880 16777235
401408 16777239
532480 16777247
4294582272 16777255
794624 16777263
1056768 16777279
4294189056 16777295
1581056 16777311
4294713344 16777327
2105344 16777343
4293402624 16777375
3153920 16777407
4294451200 16777439
4202496 16777471
4291829760 16777535
6299648 16777599
4293926912 16777663
8396800 16777727
4288684032 16777855
12591104 16777983
4292878336 16778111
16785409 16778239
4282392576 16778495
25174016 16778751
4290781184 16779007
33562625 16779263
4269809664 16779775
50339841 16780287
4286586880 16780799
67117057 16781311
4244643841 16782335
100671489 16783359
4278198273 16784383
134225921 16785407
4194312193 16787455
201334785 16789503
4261421057 16791551
268443649 16793599
4093648897 16797695
402661377 16801791
4227866625 16805887
536879041 16809983
3892322305 16818175
805314561 16826367
4160757761 16834559
1073750081 16842751
3489669121 16859135
1610620865 16875519
4026540033 16891903
2147491650 16908287
16785407 16909311
33562627 16910335
50339839 16911359
67117059 16912383
4244643839 16913407
100671491 16914431
4278198271 16915455
134225923 16916479
4194312195 16918527
201334787 16920575
4261421059 16922623
268443651 16924671
4093648899 16928767
402661379 16932863
4227866627 16936959
2684362691 16941055
3892322307 16949247
805314563 16957439
4160757763 16965631
3221233731 16973823
3489669123 16990207
3758104515 17006591
4026540035 17022975
8516 17039359
33562621 17041407
67117061 17043455
100671485 17045503
134225925 17047551
4194312189 17049599
201334789 17051647
4261421053 17053695
268443653 17055743
4093648901 17059839
402661381 17063935
4227866629 17068031
536879045 17072127
3892322309 17080319
805314565 17088511
4160757765 17096703
1073750085 17104895
3489669125 17121279
1610620869 17137663
4026540037 17154047
2147491654 17170431
33562623 17172479
67117063 17174527
100671487 17176575
134225927 17178623
4194312191 17180671
201334791 17182719
4261421055 17184767
268443655 17186815
4093648903 17190911
402661383 17195007
4227866631 17199103
2684362695 17203199
3892322311 17211391
805314567 17219583
4160757767 17227775
3221233735 17235967
3489669127 17252351
3758104519 17268735
4026540039 17285119
8521 17301503
67117051 17305599
134225931 17309695
201334779 17313791
268443659 17317887
4093648891 17321983
402661387 17326079
4227866619 17330175
536879051 17334271
3892322315 17342463
805314571 17350655
4160757771 17358847
1073750091 17367039
3489669131 17383423
1610620875 17399807
4026540043 17416191
2147491658 17432575
67117049 17436671
134225929 17440767
201334777 17444863
268443657 17448959
4093648889 17453055
402661385 17457151
4227866617 17461247
2684362697 17465343
3892322313 17473535
805314569 17481727
4160757769 17489919
3221233737 17498111
3489669129 17514495
3758104521 17530879
4026540041 17547263
8524 17563647
67117055 17567743
134225935 17571839
201334783 17575935
268443663 17580031
4093648895 17584127
402661391 17588223
4227866623 17592319
536879055 17596415
3892322319 17604607
805314575 17612799
4160757775 17620991
1073750095 17629183
3489669135 17645567
1610620879 17661951
4026540047 17678335
2147491662 17694719
67117053 17698815
134225933 17702911
201334781 17707007
268443661 17711103
4093648893 17715199
402661389 17719295
4227866621 17723391
2684362701 17727487
3892322317 17735679
805314573 17743871
4160757773 17752063
3221233741 17760255
3489669133 17776639
3758104525 17793023
4026540045 17809407
8529 17825791
134225909 17833983
268443669 17842175
402661365 17850367
536879061 17858559
3892322293 17866751
805314581 17874943
4160757749 17883135
1073750101 17891327
3489669141 17907711
1610620885 17924095
4026540053 17940479
2147491670 17956863
134225911 17965055
268443671 17973247
402661367 17981439
2684362711 17989631
3892322295 17997823
805314583 18006015
4160757751 18014207
3221233751 18022399
3489669143 18038783
3758104535 18055167
4026540055 18071551
8532 18087935
134225905 18096127
268443665 18104319
402661361 18112511
536879057 18120703
3892322289 18128895
805314577 18137087
4160757745 18145279
1073750097 18153471
3489669137 18169855
1610620881 18186239
4026540049 18202623
2147491666 18219007
134225907 18227199
268443667 18235391
402661363 18243583
2684362707 18251775
3892322291 18259967
805314579 18268159
4160757747 18276351
3221233747 18284543
3489669139 18300927
3758104531 18317311
4026540051 18333695
8537 18350079
134225919 18358271
268443679 18366463
402661375 18374655
536879071 18382847
3892322303 18391039
805314591 18399231
4160757759 18407423
1073750111 18415615
3489669151 18431999
1610620895 18448383
4026540063 18464767
2147491678 18481151
134225917 18489343
268443677 18497535
402661373 18505727
2684362717 18513919
3892322301 18522111
805314589 18530303
4160757757 18538495
3221233757 18546687
3489669149 18563071
3758104541 18579455
4026540061 18595839
8540 18612223
134225915 18620415
268443675 18628607
402661371 18636799
536879067 18644991
3892322299 18653183
805314587 18661375
4160757755 18669567
1073750107 18677759
3489669147 18694143
1610620891 18710527
4026540059 18726911
2147491674 18743295
134225913 18751487
268443673 18759679
402661369 18767871
2684362713 18776063
3892322297 18784255
805314585 18792447
4160757753 18800639
3221233753 18808831
3489669145 18825215
3758104537 18841599
4026540057 18857983
8545 18874367
268443625 18890751
536879081 18907135
805314537 18923519
1073750121 18939903
3489669097 18956287
1610620905 18972671
4026540009 18989055
2147491690 19005439
268443627 19021823
2684362731 19038207
805314539 19054591
3221233771 19070975
3489669099 19087359
3758104555 19103743
4026540011 19120127
8556 19136511
268443629 19152895
536879085 19169279
805314541 19185663
1073750125 19202047
3489669101 19218431
1610620909 19234815
4026540013 19251199
2147491694 19267583
268443631 19283967
2684362735 19300351
805314543 19316735
3221233775 19333119
3489669103 19349503
3758104559 19365887
4026540015 19382271
8553 19398655
268443619 19415039
536879075 19431423
805314531 19447807
1073750115 19464191
3489669091 19480575
1610620899 19496959
4026540003 19513343
2147491682 19529727
268443617 19546111
2684362721 19562495
805314529 19578879
3221233761 19595263
3489669089 19611647
3758104545 19628031
4026540001 19644415
8548 19660799
268443623 19677183
536879079 19693567
805314535 19709951
1073750119 19726335
3489669095 19742719
1610620903 19759103
4026540007 19775487
2147491686 19791871
268443621 19808255
2684362725 19824639
805314533 19841023
3221233765 19857407
3489669093 19873791
3758104549 19890175
4026540005 19906559
8561 19922943
268443645 19939327
536879101 19955711
805314557 19972095
1073750141 19988479
3489669117 20004863
1610620925 20021247
4026540029 20037631
2147491710 20054015
268443647 20070399
2684362751 20086783
805314559 20103167
3221233791 20119551
3489669119 20135935
3758104575 20152319
4026540031 20168703
8572 20185087
268443641 20201471
536879097 20217855
805314553 20234239
1073750137 20250623
3489669113 20267007
1610620921 20283391
4026540025 20299775
2147491706 20316159
268443643 20332543
2684362747 20348927
805314555 20365311
3221233787 20381695
3489669115 20398079
3758104571 20414463
4026540027 20430847
8569 20447231
268443639 20463615
536879095 20479999
805314551 20496383
1073750135 20512767
3489669111 20529151
1610620919 20545535
4026540023 20561919
2147491702 20578303
268443637 20594687
2684362741 20611071
805314549 20627455
3221233781 20643839
3489669109 20660223
3758104565 20676607
4026540021 20692991
8564 20709375
268443635 20725759
536879091 20742143
805314547 20758527
1073750131 20774911
3489669107 20791295
1610620915 20807679
4026540019 20824063
2147491698 20840447
268443633 20856831
2684362737 20873215
805314545 20889599
3221233777 20905983
3489669105 20922367
3758104561 20938751
4026540017 20955135
8513 20971519
536879121 21004287
1073750033 21037055
1610620945 21069823
2147491602 21102591
2684362771 21135359
3221233683 21168127
3758104595 21200895
8468 21233663
536879125 21266431
1073750037 21299199
1610620949 21331967
2147491606 21364735
2684362775 21397503
3221233687 21430271
3758104599 21463039
8473 21495807
536879131 21528575
1073750043 21561343
1610620955 21594111
2147491610 21626879
2684362777 21659647
3221233689 21692415
3758104601 21725183
8476 21757951
536879135 21790719
1073750047 21823487
1610620959 21856255
2147491614 21889023
2684362781 21921791
3221233693 21954559
3758104605 21987327
8465 22020095
536879109 22052863
1073750021 22085631
1610620933 22118399
2147491590 22151167
2684362759 22183935
3221233671 22216703
3758104583 22249471
8452 22282239
536879105 22315007
1073750017 22347775
1610620929 22380543
2147491586 22413311
2684362755 22446079
3221233667 22478847
3758104579 22511615
8457 22544383
536879119 22577151
1073750031 22609919
1610620943 22642687
2147491598 22675455
2684362765 22708223
3221233677 22740991
3758104589 22773759
8460 22806527
536879115 22839295
1073750027 22872063
1610620939 22904831
2147491594 22937599
2684362761 22970367
3221233673 23003135
3758104585 23035903
8481 23068671
536879161 23101439
1073750073 23134207
1610620985 23166975
2147491642 23199743
2684362811 23232511
3221233723 23265279
3758104635 23298047
8508 23330815
536879165 23363583
1073750077 23396351
1610620989 23429119
2147491646 23461887
2684362815 23494655
3221233727 23527423
3758104639 23560191
8505 23592959
536879155 23625727
1073750067 23658495
1610620979 23691263
2147491634 23724031
2684362801 23756799
3221233713 23789567
3758104625 23822335
8500 23855103
536879159 23887871
1073750071 23920639
1610620983 23953407
2147491638 23986175
2684362805 24018943
3221233717 24051711
3758104629 24084479
8497 24117247
536879149 24150015
1073750061 24182783
1610620973 24215551
2147491630 24248319
2684362799 24281087
3221233711 24313855
3758104623 24346623
8492 24379391
536879145 24412159
1073750057 24444927
1610620969 24477695
2147491626 24510463
2684362795 24543231
3221233707 24575999
3758104619 24608767
8489 24641535
536879143 24674303
1073750055 24707071
1610620967 24739839
2147491622 24772607
2684362789 24805375
3221233701 24838143
3758104613 24870911
8484 24903679
536879139 24936447
1073750051 24969215
1610620963 25001983
2147491618 25034751
2684362785 25067519
3221233697 25100287
3758104609 25133055
8577 25165823
90112 25165827
155648 25165831
4294860800 25165833
221184 25165835
286720 25165839
4294795264 25165843
417792 25165847
548864 25165855
4294598656 25165863
811008 25165871
1073152 25165887
4294205440 25165903
1597440 25165919
4294729728 25165935
2121728 25165951
4293419008 25165983
3170304 25166015
4294467584 25166047
4218880 25166079
4291846144 25166143
6316032 25166207
4293943296 25166271
8413184 25166335
4288700416 25166463
12607488 25166591
4292894720 25166719
16801793 25166847
4282408960 25167103
25190400 25167359
4290797568 25167615
33579009 25167871
4269826048 25168383
50356225 25168895
4286603264 25169407
67133441 25169919
4244660225 25170943
100687873 25171967
4278214657 25172991
134242305 25174015
4194328577 25176063
201351169 25178111
4261437441 25180159
268460001 25182207
4093665281 25186303
402677761 25190399
4227883009 25194495
536895457 25198591
3892338689 25206783
805330913 25214975
4160774145 25223167
1073766369 25231359
3489685473 25247743
1610637281 25264127
4026556385 25280511
2147508194 25296895
16801791 25297919
33579011 25298943
50356223 25299967
67133443 25300991
4244660223 25302015
100687875 25303039
4278214655 25304063
134242307 25305087
4194328579 25307135
201351171 25309183
4261437443 25311231
268460003 25313279
4093665283 25317375
402677763 25321471
4227883011 25325567
2684379107 25329663
3892338691 25337855
805330915 25346047
4160774147 25354239
3221250019 25362431
3489685475 25378815
3758120931 25395199
4026556387 25411583
25060 25427967
33579005 25430015
67133445 25432063
100687869 25434111
134242309 25436159
4194328573 25438207
201351173 25440255
4261437437 25442303
268460005 25444351
4093665285 25448447
402677765 25452543
4227883013 25456639
536895461 25460735
3892338693 25468927
805330917 25477119
4160774149 25485311
1073766373 25493503
3489685477 25509887
1610637285 25526271
4026556389 25542655
2147508198 25559039
33579007 25561087
67133447 25563135
100687871 25565183
134242311 25567231
4194328575 25569279
201351175 25571327
4261437439 25573375
268460007 25575423
4093665287 25579519
402677767 25583615
4227883015 25587711
2684379111 25591807
3892338695 25599999
805330919 25608191
4160774151 25616383
3221250023 25624575
3489685479 25640959
3758120935 25657343
4026556391 25673727
25065 25690111
67133435 25694207
134242315 25698303
201351163 25702399
268460011 25706495
4093665275 25710591
402677771 25714687
4227883003 25718783
536895467 25722879
3892338699 25731071
805330923 25739263
4160774155 25747455
1073766379 25755647
3489685483 25772031
1610637291 25788415
4026556395 25804799
2147508202 25821183
67133433 25825279
134242313 25829375
201351161 25833471
268460009 25837567
4093665273 25841663
402677769 25845759
4227883001 25849855
2684379113 25853951
3892338697 25862143
805330921 25870335
4160774153 25878527
3221250025 25886719
3489685481 25903103
3758120937 25919487
4026556393 25935871
25068 25952255
67133439 25956351
134242319 25960447
201351167 25964543
268460015 25968639
4093665279 25972735
402677775 25976831
4227883007 25980927
536895471 25985023
3892338703 25993215
805330927 26001407
4160774159 26009599
1073766383 26017791
3489685487 26034175
1610637295 26050559
4026556399 26066943
2147508206 26083327
67133437 26087423
134242317 26091519
201351165 26095615
268460013 26099711
4093665277 26103807
402677773 26107903
4227883005 26111999
2684379117 26116095
3892338701 26124287
805330925 26132479
4160774157 26140671
3221250029 26148863
3489685485 26165247
3758120941 26181631
4026556397 26198015
25073 26214399
134242293 26222591
268460021 26230783
402677749 26238975
536895477 26247167
3892338677 26255359
805330933 26263551
4160774133 26271743
1073766389 26279935
3489685493 26296319
1610637301 26312703
4026556405 26329087
2147508214 26345471
134242295 26353663
268460023 26361855
402677751 26370047
2684379127 26378239
3892338679 26386431
805330935 26394623
4160774135 26402815
3221250039 26411007
3489685495 26427391
3758120951 26443775
4026556407 26460159
25076 26476543
134242289 26484735
268460017 26492927
402677745 26501119
536895473 26509311
3892338673 26517503
805330929 26525695
4160774129 26533887
1073766385 26542079
3489685489 26558463
1610637297 26574847
4026556401 26591231
2147508210 26607615
134242291 26615807
268460019 26623999
402677747 26632191
2684379123 26640383
3892338675 26648575
805330931 26656767
4160774131 26664959
3221250035 26673151
3489685491 26689535
3758120947 26705919
4026556403 26722303
25081 26738687
134242303 26746879
268460031 26755071
402677759 26763263
536895487 26771455
3892338687 26779647
805330943 26787839
4160774143 26796031
1073766399 26804223
3489685503 26820607
1610637311 26836991
4026556415 26853375
2147508222 26869759
134242301 26877951
268460029 26886143
402677757 26894335
2684379133 26902527
3892338685 26910719
805330941 26918911
4160774141 26927103
3221250045 26935295
3489685501 26951679
3758120957 26968063
4026556413 26984447
25084 27000831
134242299 27009023
268460027 27017215
402677755 27025407
536895483 27033599
3892338683 27041791
805330939 27049983
4160774139 27058175
1073766395 27066367
3489685499 27082751
1610637307 27099135
4026556411 27115519
2147508218 27131903
134242297 27140095
268460025 27148287
402677753 27156479
2684379129 27164671
3892338681 27172863
805330937 27181055
4160774137 27189247
3221250041 27197439
3489685497 27213823
3758120953 27230207
4026556409 27246591
25057 27262975
268460041 27279359
536895433 27295743
805330953 27312127
1073766345 27328511
3489685513 27344895
1610637257 27361279
4026556425 27377663
2147508170 27394047
268460043 27410431
2684379083 27426815
805330955 27443199
3221249995 27459583
3489685515 27475967
3758120907 27492351
4026556427 27508735
25036 27525119
268460045 27541503
536895437 27557887
805330957 27574271
1073766349 27590655
3489685517 27607039
1610637261 27623423
4026556429 27639807
2147508174 27656191
268460047 27672575
2684379087 27688959
805330959 27705343
3221249999 27721727
3489685519 27738111
3758120911 27754495
4026556431 27770879
25033 27787263
268460035 27803647
536895427 27820031
805330947 27836415
1073766339 27852799
3489685507 27869183
1610637251 27885567
4026556419 27901951
2147508162 27918335
268460033 27934719
2684379073 27951103
805330945 27967487
3221249985 27983871
3489685505 28000255
3758120897 28016639
4026556417 28033023
25028 28049407
268460039 28065791
536895431 28082175
805330951 28098559
1073766343 28114943
3489685511 28131327
1610637255 28147711
4026556423 28164095
2147508166 28180479
268460037 28196863
2684379077 28213247
805330949 28229631
3221249989 28246015
3489685509 28262399
3758120901 28278783
4026556421 28295167
25041 28311551
268460061 28327935
536895453 28344319
805330973 28360703
1073766365 28377087
3489685533 28393471
1610637277 28409855
4026556445 28426239
2147508190 28442623
268460063 28459007
2684379103 28475391
805330975 28491775
3221250015 28508159
3489685535 28524543
3758120927 28540927
4026556447 28557311
25052 28573695
268460057 28590079
536895449 28606463
805330969 28622847
1073766361 28639231
3489685529 28655615
1610637273 28671999
4026556441 28688383
2147508186 28704767
268460059 28721151
2684379099 28737535
805330971 28753919
3221250011 28770303
3489685531 28786687
3758120923 28803071
4026556443 28819455
25049 28835839
268460055 28852223
536895447 28868607
805330967 28884991
1073766359 28901375
3489685527 28917759
1610637271 28934143
4026556439 28950527
2147508182 28966911
268460053 28983295
2684379093 28999679
805330965 29016063
3221250005 29032447
3489685525 29048831
3758120917 29065215
4026556437 29081599
25044 29097983
268460051 29114367
536895443 29130751
805330963 29147135
1073766355 29163519
3489685523 29179903
1610637267 29196287
4026556435 29212671
2147508178 29229055
268460049 29245439
2684379089 29261823
805330961 29278207
3221250001 29294591
3489685521 29310975
3758120913 29327359
4026556433 29343743
25025 29360127
536895537 29392895
1073766321 29425663
1610637361 29458431
2147508146 29491199
2684379187 29523967
3221249971 29556735
3758121011 29589503
25012 29622271
536895541 29655039
1073766325 29687807
1610637365 29720575
2147508150 29753343
2684379191 29786111
3221249975 29818879
3758121015 29851647
25017 29884415
536895547 29917183
1073766331 29949951
1610637371 29982719
2147508154 30015487
2684379193 30048255
3221249977 30081023
3758121017 30113791
25020 30146559
536895551 30179327
1073766335 30212095
1610637375 30244863
2147508158 30277631
2684379197 30310399
3221249981 30343167
3758121021 30375935
25009 30408703
536895525 30441471
1073766309 30474239
1610637349 30507007
2147508134 30539775
2684379175 30572543
3221249959 30605311
3758120999 30638079
24996 30670847
536895521 30703615
1073766305 30736383
1610637345 30769151
2147508130 30801919
2684379171 30834687
3221249955 30867455
3758120995 30900223
25001 30932991
536895535 30965759
1073766319 30998527
1610637359 31031295
2147508142 31064063
2684379181 31096831
3221249965 31129599
3758121005 31162367
25004 31195135
536895531 31227903
1073766315 31260671
1610637355 31293439
2147508138 31326207
2684379177 31358975
3221249961 31391743
3758121001 31424511
24993 31457279
536895513 31490047
1073766297 31522815
1610637337 31555583
2147508122 31588351
2684379163 31621119
3221249947 31653887
3758120987 31686655
24988 31719423
536895517 31752191
1073766301 31784959
1610637341 31817727
2147508126 31850495
2684379167 31883263
3221249951 31916031
3758120991 31948799
24985 31981567
536895507 32014335
1073766291 32047103
1610637331 32079871
2147508114 32112639
2684379153 32145407
3221249937 32178175
3758120977 32210943
24980 32243711
536895511 32276479
1073766295 32309247
1610637335 32342015
2147508118 32374783
2684379157 32407551
3221249941 32440319
3758120981 32473087
24977 32505855
536895501 32538623
1073766285 32571391
1610637325 32604159
2147508110 32636927
2684379151 32669695
3221249935 32702463
3758120975 32735231
24972 32767999
536895497 32800767
1073766281 32833535
1610637321 32866303
2147508106 32899071
2684379147 32931839
3221249931 32964607
3758120971 32997375
24969 33030143
536895495 33062911
1073766279 33095679
1610637319 33128447
2147508102 33161215
2684379141 33193983
3221249925 33226751
3758120965 33259519
24964 33292287
536895491 33325055
1073766275 33357823
1610637315 33390591
2147508098 33423359
2684379137 33456127
3221249921 33488895
3758120961 33521663
25089 33554431
1073717121 33619967
2147459202 33685503
3221200771 33751039
4294942340 33816575
1073717125 33882111
2147459206 33947647
3221200775 34013183
4294943369 34078719
1073717131 34144255
2147459210 34209791
3221200777 34275327
4294942348 34340863
1073717135 34406399
2147459214 34471935
3221200781 34537471
4294943377 34603007
1073717141 34668543
2147459222 34734079
3221200791 34799615
4294942356 34865151
1073717137 34930687
2147459218 34996223
3221200787 35061759
4294943385 35127295
1073717151 35192831
2147459230 35258367
3221200797 35323903
4294942364 35389439
1073717147 35454975
2147459226 35520511
3221200793 35586047
4294943393 35651583
1073717161 35717119
2147459242 35782655
3221200811 35848191
4294942380 35913727
1073717165 35979263
2147459246 36044799
3221200815 36110335
4294943401 36175871
1073717155 36241407
2147459234 36306943
3221200801 36372479
4294942372 36438015
1073717159 36503551
2147459238 36569087
3221200805 36634623
4294943409 36700159
1073717181 36765695
2147459262 36831231
3221200831 36896767
4294942396 36962303
1073717177 37027839
2147459258 37093375
3221200827 37158911
4294943417 37224447
1073717175 37289983
2147459254 37355519
3221200821 37421055
4294942388 37486591
1073717171 37552127
2147459250 37617663
3221200817 37683199
4294943425 37748735
1073717201 37814271
2147459282 37879807
3221200851 37945343
4294942420 38010879
1073717205 38076415
2147459286 38141951
3221200855 38207487
4294943449 38273023
1073717211 38338559
2147459290 38404095
3221200857 38469631
4294942428 38535167
1073717215 38600703
2147459294 38666239
3221200861 38731775
4294943441 38797311
1073717189 38862847
2147459270 38928383
3221200839 38993919
4294942404 39059455
1073717185 39124991
2147459266 39190527
3221200835 39256063
4294943433 39321599
1073717199 39387135
2147459278 39452671
3221200845 39518207
4294942412 39583743
1073717195 39649279
2147459274 39714815
3221200841 39780351
4294943457 39845887
1073717241 39911423
2147459322 39976959
3221200891 40042495
4294942460 40108031
1073717245 40173567
2147459326 40239103
3221200895 40304639
4294943481 40370175
1073717235 40435711
2147459314 40501247
3221200881 40566783
4294942452 40632319
1073717239 40697855
2147459318 40763391
3221200885 40828927
4294943473 40894463
1073717229 40959999
2147459310 41025535
3221200879 41091071
4294942444 41156607
1073717225 41222143
2147459306 41287679
3221200875 41353215
4294943465 41418751
1073717223 41484287
2147459302 41549823
3221200869 41615359
4294942436 41680895
1073717219 41746431
2147459298 41811967
3221200865 41877503
4294943361 41943039
1073733665 42008575
2147475490 42074111
3221217315 42139647
4294958628 42205183
1073733669 42270719
2147475494 42336255
3221217319 42401791
4294959657 42467327
1073733675 42532863
2147475498 42598399
3221217321 42663935
4294958636 42729471
1073733679 42795007
2147475502 42860543
3221217325 42926079
4294959665 42991615
1073733685 43057151
2147475510 43122687
3221217335 43188223
4294958644 43253759
1073733681 43319295
2147475506 43384831
3221217331 43450367
4294959673 43515903
1073733695 43581439
2147475518 43646975
3221217341 43712511
4294958652 43778047
1073733691 43843583
2147475514 43909119
3221217337 43974655
4294959649 44040191
1073733641 44105727
2147475466 44171263
3221217291 44236799
4294958604 44302335
1073733645 44367871
2147475470 44433407
3221217295 44498943
4294959625 44564479
1073733635 44630015
2147475458 44695551
3221217281 44761087
4294958596 44826623
1073733639 44892159
2147475462 44957695
3221217285 45023231
4294959633 45088767
1073733661 45154303
2147475486 45219839
3221217311 45285375
4294958620 45350911
1073733657 45416447
2147475482 45481983
3221217307 45547519
4294959641 45613055
1073733655 45678591
2147475478 45744127
3221217301 45809663
4294958612 45875199
1073733651 45940735
2147475474 46006271
3221217297 46071807
4294959681 46137343
1073733745 46202879
2147475570 46268415
3221217395 46333951
4294958708 46399487
1073733749 46465023
2147475574 46530559
3221217399 46596095
4294959737 46661631
1073733755 46727167
2147475578 46792703
3221217401 46858239
4294958716 46923775
1073733759 46989311
2147475582 47054847
3221217405 47120383
4294959729 47185919
1073733733 47251455
2147475558 47316991
3221217383 47382527
4294958692 47448063
1073733729 47513599
2147475554 47579135
3221217379 47644671
4294959721 47710207
1073733743 47775743
2147475566 47841279
3221217389 47906815
4294958700 47972351
1073733739 48037887
2147475562 48103423
3221217385 48168959
4294959713 48234495
1073733721 48300031
2147475546 48365567
3221217371 48431103
4294958684 48496639
1073733725 48562175
2147475550 48627711
3221217375 48693247
4294959705 48758783
1073733715 48824319
2147475538 48889855
3221217361 48955391
4294958676 49020927
1073733719 49086463
2147475542 49151999
3221217365 49217535
4294959697 49283071
1073733709 49348607
2147475534 49414143
3221217359 49479679
4294958668 49545215
1073733705 49610751
2147475530 49676287
3221217355 49741823
4294959689 49807359
1073733703 49872895
2147475526 49938431
3221217349 50003967
4294958660 50069503
1073733699 50135039
2147475522 50200575
3221217345 50266111
4294959873 50331647
1073749953 50397183
2147491778 50462719
3221233603 50528255
8132 50593791
1073749957 50659327
2147491782 50724863
3221233607 50790399
9161 50855935
1073749963 50921471
2147491786 50987007
3221233609 51052543
8140 51118079
1073749967 51183615
2147491790 51249151
3221233613 51314687
9169 51380223
1073749973 51445759
2147491798 51511295
3221233623 51576831
8148 51642367
1073749969 51707903
2147491794 51773439
3221233619 51838975
9177 51904511
1073749983 51970047
2147491806 52035583
3221233629 52101119
8156 52166655
1073749979 52232191
2147491802 52297727
3221233625 52363263
9185 52428799
1073749993 52494335
2147491818 52559871
3221233643 52625407
8172 52690943
1073749997 52756479
2147491822 52822015
3221233647 52887551
9193 52953087
1073749987 53018623
2147491810 53084159
3221233633 53149695
8164 53215231
1073749991 53280767
2147491814 53346303
3221233637 53411839
9201 53477375
1073750013 53542911
2147491838 53608447
3221233663 53673983
8188 53739519
1073750009 53805055
2147491834 53870591
3221233659 53936127
9209 54001663
1073750007 54067199
2147491830 54132735
3221233653 54198271
8180 54263807
1073750003 54329343
2147491826 54394879
3221233649 54460415
9153 54525951
1073749905 54591487
2147491730 54657023
3221233555 54722559
8084 54788095
1073749909 54853631
2147491734 54919167
3221233559 54984703
9113 55050239
1073749915 55115775
2147491738 55181311
3221233561 55246847
8092 55312383
1073749919 55377919
2147491742 55443455
3221233565 55508991
9105 55574527
1073749893 55640063
2147491718 55705599
3221233543 55771135
8068 55836671
1073749889 55902207
2147491714 55967743
3221233539 56033279
9097 56098815
1073749903 56164351
2147491726 56229887
3221233549 56295423
8076 56360959
1073749899 56426495
2147491722 56492031
3221233545 56557567
9121 56623103
1073749945 56688639
2147491770 56754175
3221233595 56819711
8124 56885247
1073749949 56950783
2147491774 57016319
3221233599 57081855
9145 57147391
1073749939 57212927
2147491762 57278463
3221233585 57343999
8116 57409535
1073749943 57475071
2147491766 57540607
3221233589 57606143
9137 57671679
1073749933 57737215
2147491758 57802751
3221233583 57868287
8108 57933823
1073749929 57999359
2147491754 58064895
3221233579 58130431
9129 58195967
1073749927 58261503
2147491750 58327039
3221233573 58392575
8100 58458111
1073749923 58523647
2147491746 58589183
3221233569 58654719
9089 58720255
1073766497 58785791
2147508066 58851327
3221250147 58916863
24420 58982399
1073766501 59047935
2147508070 59113471
3221250151 59179007
25449 59244543
1073766507 59310079
2147508074 59375615
3221250153 59441151
24428 59506687
1073766511 59572223
2147508078 59637759
3221250157 59703295
25457 59768831
1073766517 59834367
2147508086 59899903
3221250167 59965439
24436 60030975
1073766513 60096511
2147508082 60162047
3221250163 60227583
25465 60293119
1073766527 60358655
2147508094 60424191
3221250173 60489727
24444 60555263
1073766523 60620799
2147508090 60686335
3221250169 60751871
25441 60817407
1073766473 60882943
2147508042 60948479
3221250123 61014015
24396 61079551
1073766477 61145087
2147508046 61210623
3221250127 61276159
25417 61341695
1073766467 61407231
2147508034 61472767
3221250113 61538303
24388 61603839
1073766471 61669375
2147508038 61734911
3221250117 61800447
25425 61865983
1073766493 61931519
2147508062 61997055
3221250143 62062591
24412 62128127
1073766489 62193663
2147508058 62259199
3221250139 62324735
25433 62390271
1073766487 62455807
2147508054 62521343
3221250133 62586879
24404 62652415
1073766483 62717951
2147508050 62783487
3221250129 62849023
25409 62914559
1073766449 62980095
2147508018 63045631
3221250099 63111167
24372 63176703
1073766453 63242239
2147508022 63307775
3221250103 63373311
25401 63438847
1073766459 63504383
2147508026 63569919
3221250105 63635455
24380 63700991
1073766463 63766527
2147508030 63832063
3221250109 63897599
25393 63963135
1073766437 64028671
2147508006 64094207
3221250087 64159743
24356 64225279
1073766433 64290815
2147508002 64356351
3221250083 64421887
25385 64487423
1073766447 64552959
2147508014 64618495
3221250093 64684031
24364 64749567
1073766443 64815103
2147508010 64880639
3221250089 64946175
25377 65011711
1073766425 65077247
2147507994 65142783
3221250075 65208319
24348 65273855
1073766429 65339391
2147507998 65404927
3221250079 65470463
25369 65535999
1073766419 65601535
2147507986 65667071
3221250065 65732607
24340 65798143
1073766423 65863679
2147507990 65929215
3221250069 65994751
25361 66060287
1073766413 66125823
2147507982 66191359
3221250063 66256895
24332 66322431
1073766409 66387967
2147507978 66453503
3221250059 66519039
25353 66584575
1073766407 66650111
2147507974 66715647
3221250053 66781183
24324 66846719
1073766403 66912255
2147507970 66977791
3221250049 67043327
25601 67108863
2147458818 67239935
4294942980 67371007
2147458822 67502079
4294941961 67633151
2147458826 67764223
4294942988 67895295
2147458830 68026367
4294944017 68157439
2147458838 68288511
4294942996 68419583
2147458834 68550655
4294941977 68681727
2147458846 68812799
4294943004 68943871
2147458842 69074943
4294944033 69206015
2147458858 69337087
4294943020 69468159
2147458862 69599231
4294941993 69730303
2147458850 69861375
4294943012 69992447
2147458854 70123519
4294944049 70254591
2147458878 70385663
4294943036 70516735
2147458874 70647807
4294942009 70778879
2147458870 70909951
4294943028 71041023
2147458866 71172095
4294944065 71303167
2147458898 71434239
4294943060 71565311
2147458902 71696383
4294942041 71827455
2147458906 71958527
4294943068 72089599
2147458910 72220671
4294944081 72351743
2147458886 72482815
4294943044 72613887
2147458882 72744959
4294942025 72876031
2147458894 73007103
4294943052 73138175
2147458890 73269247
4294944097 73400319
2147458938 73531391
4294943100 73662463
2147458942 73793535
4294942073 73924607
2147458930 74055679
4294943092 74186751
2147458934 74317823
4294944113 74448895
2147458926 74579967
4294943084 74711039
2147458922 74842111
4294942057 74973183
2147458918 75104255
4294943076 75235327
2147458914 75366399
4294944129 75497471
2147475362 75628543
4294959524 75759615
2147475366 75890687
4294958505 76021759
2147475370 76152831
4294959532 76283903
2147475374 76414975
4294960561 76546047
2147475382 76677119
4294959540 76808191
2147475378 76939263
4294958521 77070335
2147475390 77201407
4294959548 77332479
2147475386 77463551
4294960545 77594623
2147475338 77725695
4294959500 77856767
2147475342 77987839
4294958473 78118911
2147475330 78249983
4294959492 78381055
2147475334 78512127
4294960529 78643199
2147475358 78774271
4294959516 78905343
2147475354 79036415
4294958489 79167487
2147475350 79298559
4294959508 79429631
2147475346 79560703
4294960577 79691775
2147475442 79822847
4294959604 79953919
2147475446 80084991
4294958585 80216063
2147475450 80347135
4294959612 80478207
2147475454 80609279
4294960625 80740351
2147475430 80871423
4294959588 81002495
2147475426 81133567
4294958569 81264639
2147475438 81395711
4294959596 81526783
2147475434 81657855
4294960609 81788927
2147475418 81919999
4294959580 82051071
2147475422 82182143
4294958553 82313215
2147475410 82444287
4294959572 82575359
2147475414 82706431
4294960593 82837503
2147475406 82968575
4294959564 83099647
2147475402 83230719
4294958537 83361791
2147475398 83492863
4294959556 83623935
2147475394 83755007
4294960385 83886079
2147491906 84017151
8260 84148223
2147491910 84279295
7241 84410367
2147491914 84541439
8268 84672511
2147491918 84803583
9297 84934655
2147491926 85065727
8276 85196799
2147491922 85327871
7257 85458943
2147491934 85590015
8284 85721087
2147491930 85852159
9313 85983231
2147491946 86114303
8300 86245375
2147491950 86376447
7273 86507519
2147491938 86638591
8292 86769663
2147491942 86900735
9329 87031807
2147491966 87162879
8316 87293951
2147491962 87425023
7289 87556095
2147491958 87687167
8308 87818239
2147491954 87949311
9281 88080383
2147491858 88211455
8212 88342527
2147491862 88473599
7193 88604671
2147491866 88735743
8220 88866815
2147491870 88997887
9233 89128959
2147491846 89260031
8196 89391103
2147491842 89522175
7177 89653247
2147491854 89784319
8204 89915391
2147491850 90046463
9249 90177535
2147491898 90308607
8252 90439679
2147491902 90570751
7225 90701823
2147491890 90832895
8244 90963967
2147491894 91095039
9265 91226111
2147491886 91357183
8236 91488255
2147491882 91619327
7209 91750399
2147491878 91881471
8228 92012543
2147491874 92143615
9345 92274687
2147508450 92405759
24804 92536831
2147508454 92667903
23785 92798975
2147508458 92930047
24812 93061119
2147508462 93192191
25841 93323263
2147508470 93454335
24820 93585407
2147508466 93716479
23801 93847551
2147508478 93978623
24828 94109695
2147508474 94240767
25825 94371839
2147508426 94502911
24780 94633983
2147508430 94765055
23753 94896127
2147508418 95027199
24772 95158271
2147508422 95289343
25809 95420415
2147508446 95551487
24796 95682559
2147508442 95813631
23769 95944703
2147508438 96075775
24788 96206847
2147508434 96337919
25793 96468991
2147508402 96600063
24756 96731135
2147508406 96862207
23737 96993279
2147508410 97124351
24764 97255423
2147508414 97386495
25777 97517567
2147508390 97648639
24740 97779711
2147508386 97910783
23721 98041855
2147508398 98172927
24748 98303999
2147508394 98435071
25761 98566143
2147508378 98697215
24732 98828287
2147508382 98959359
23705 99090431
2147508370 99221503
24724 99352575
2147508374 99483647
25745 99614719
2147508366 99745791
24716 99876863
2147508362 100007935
23689 100139007
2147508358 100270079
24708 100401151
2147508354 100532223
26113 100663295
2147458946 100794367
4294942596 100925439
2147458950 101056511
4294942601 101187583
2147458954 101318655
4294942604 101449727
2147458958 101580799
4294944657 101711871
2147458966 101842943
4294942612 101974015
2147458962 102105087
4294942617 102236159
2147458974 102367231
4294942620 102498303
2147458970 102629375
4294944673 102760447
2147458986 102891519
4294942636 103022591
2147458990 103153663
4294942633 103284735
2147458978 103415807
4294942628 103546879
2147458982 103677951
4294944689 103809023
2147459006 103940095
4294942652 104071167
2147459002 104202239
4294942649 104333311
2147458998 104464383
4294942644 104595455
2147458994 104726527
4294944705 104857599
2147459026 104988671
4294942676 105119743
2147459030 105250815
4294942681 105381887
2147459034 105512959
4294942684 105644031
2147459038 105775103
4294944721 105906175
2147459014 106037247
4294942660 106168319
2147459010 106299391
4294942665 106430463
2147459022 106561535
4294942668 106692607
2147459018 106823679
4294944737 106954751
2147459066 107085823
4294942716 107216895
2147459070 107347967
4294942713 107479039
2147459058 107610111
4294942708 107741183
2147459062 107872255
4294944753 108003327
2147459054 108134399
4294942700 108265471
2147459050 108396543
4294942697 108527615
2147459046 108658687
4294942692 108789759
2147459042 108920831
4294944641 109051903
2147475234 109182975
4294958884 109314047
2147475238 109445119
4294958889 109576191
2147475242 109707263
4294958892 109838335
2147475246 109969407
4294960945 110100479
2147475254 110231551
4294958900 110362623
2147475250 110493695
4294958905 110624767
2147475262 110755839
4294958908 110886911
2147475258 111017983
4294960929 111149055
2147475210 111280127
4294958860 111411199
2147475214 111542271
4294958857 111673343
