7177 1
7193 1
7209 1
7225 1
7241 1
7257 1
7273 1
7289 1
8068 1
8076 1
8084 1
8092 1
8100 1
8108 1
8116 1
8124 1
8132 1
8140 1
8148 1
8156 1
8164 1
8172 1
8180 1
8188 1
8192 1572864
8196 1
8204 1
8212 1
8220 1
8228 1
8236 1
8244 1
8252 1
8260 1
8268 1
8276 1
8284 1
8292 1
8300 1
8308 1
8316 1
8452 1
8457 1
8460 1
8465 1
8468 1
8473 1
8476 1
8481 1
8484 1
8489 1
8492 1
8497 1
8500 1
8505 1
8508 1
8513 1
8516 1
8521 1
8524 1
8529 1
8532 1
8537 1
8540 1
8545 1
8548 1
8553 1
8556 1
8561 1
8564 1
8569 1
8572 1
8577 1
9089 1
9097 1
9105 1
9113 1
9121 1
9129 1
9137 1
9145 1
9153 1
9161 1
9169 1
9177 1
9185 1
9193 1
9201 1
9209 1
9233 1
9249 1
9265 1
9281 1
9297 1
9313 1
9329 1
9345 1
23689 1
23705 1
23721 1
23737 1
23753 1
23769 1
23785 1
23801 1
24324 1
24332 1
24340 1
24348 1
24356 1
24364 1
24372 1
24380 1
24388 1
24396 1
24404 1
24412 1
24420 1
24428 1
24436 1
24444 1
24576 14811136
24708 1
24716 1
24724 1
24732 1
24740 1
24748 1
24756 1
24764 1
24772 1
24780 1
24788 1
24796 1
24804 1
24812 1
24820 1
24828 1
24964 1
24969 1
24972 1
24977 1
24980 1
24985 1
24988 1
24993 1
24996 1
25001 1
25004 1
25009 1
25012 1
25017 1
25020 1
25025 1
25028 1
25033 1
25036 1
25041 1
25044 1
25049 1
25052 1
25057 1
25060 1
25065 1
25068 1
25073 1
25076 1
25081 1
25084 1
25089 1
25353 1
25361 1
25369 1
25377 1
25385 1
25393 1
25401 1
25409 1
25417 1
25425 1
25433 1
25441 1
25449 1
25457 1
25465 1
25601 1
25745 1
25761 1
25777 1
25793 1
25809 1
25825 1
25841 1
26113 1
40960 17825792
57344 2605056
73728 2359296
90112 2359296
106496 2621440
122880 2170880
139264 393216
155648 393216
172032 1048576
188416 868352
204800 786432
221184 786432
237568 262144
253952 217088
270336 196608
286720 196608
368640 524288
385024 434176
401408 393216
417792 393216
499712 131072
516096 108544
532480 98304
548864 98304
761856 262144
778240 217088
794624 196608
811008 196608
1024000 65536
1040384 54272
1056768 49152
1073152 49152
1548288 131072
1564672 108544
1581056 98304
1597440 98304
2072576 32768
2088960 27136
2105344 24576
2121728 24576
3121152 65536
3137536 54272
3153920 49152
3170304 49152
4169728 16384
4186112 13568
4202496 12288
4218880 12288
6266880 32768
6283264 27136
6299648 24576
6316032 24576
8364032 8192
8380416 6784
8396800 6144
8413184 6144
12558336 16384
12574720 13568
12591104 12288
12607488 12288
16752639 2048
16752641 2048
16769023 1696
16769025 1696
16785407 1536
16785409 1536
16801791 1536
16801793 1536
25141248 8192
25157632 6784
25174016 6144
25190400 6144
33529853 512
33529855 512
33529857 512
33529859 512
33546237 424
33546239 424
33546241 424
33546243 424
33562621 384
33562623 384
33562625 384
33562627 384
33579005 384
33579007 384
33579009 384
33579011 384
50307071 2048
50307073 2048
50323455 1696
50323457 1696
50339839 1536
50339841 1536
50356223 1536
50356225 1536
67084281 128
67084283 128
67084285 128
67084287 128
67084289 128
67084291 128
67084293 128
67084295 128
67100665 108
67100667 108
67100669 108
67100671 108
67100673 104
67100675 104
67100677 104
67100679 104
67117049 96
67117051 96
67117053 96
67117055 96
67117057 96
67117059 96
67117061 96
67117063 96
67133433 96
67133435 96
67133437 96
67133439 96
67133441 96
67133443 96
67133445 96
67133447 96
100638717 512
100638719 512
100638721 512
100638723 512
100655101 424
100655103 424
100655105 424
100655107 424
100671485 384
100671487 384
100671489 384
100671491 384
100687869 384
100687871 384
100687873 384
100687875 384
134193137 32
134193139 32
134193141 32
134193143 32
134193145 32
134193147 32
134193149 32
134193151 32
134193153 32
134193155 32
134193157 32
134193159 32
134193161 32
134193163 32
134193165 32
134193167 32
134209521 26
134209523 26
134209525 26
134209527 26
134209529 26
134209531 26
134209533 26
134209535 26
134209537 26
134209539 26
134209541 26
134209543 26
134209545 28
134209547 28
134209549 28
134209551 28
134225905 24
134225907 24
134225909 24
134225911 24
134225913 24
134225915 24
134225917 24
134225919 24
134225921 24
134225923 24
134225925 24
134225927 24
134225929 24
134225931 24
134225933 24
134225935 24
134242289 24
134242291 24
134242293 24
134242295 24
134242297 24
134242299 24
134242301 24
134242303 24
134242305 24
134242307 24
134242309 24
134242311 24
134242313 24
134242315 24
134242317 24
134242319 24
201302009 128
201302011 128
201302013 128
201302015 128
201302017 128
201302019 128
201302021 128
201302023 128
201318393 108
201318395 108
201318397 108
201318399 108
201318401 104
201318403 104
201318405 104
201318407 104
201334777 96
201334779 96
201334781 96
201334783 96
201334785 96
201334787 96
201334789 96
201334791 96
201351161 96
201351163 96
201351165 96
201351167 96
201351169 96
201351171 96
201351173 96
201351175 96
268410849 8
268410851 8
268410853 8
268410855 8
268410857 8
268410859 8
268410861 8
268410863 8
268410865 8
268410867 8
268410869 8
268410871 8
268410873 8
268410875 8
268410877 8
268410879 8
268410881 8
268410883 8
268410885 8
268410887 8
268410889 8
268410891 8
268410893 8
268410895 8
268410897 8
268410899 8
268410901 8
268410903 8
268410905 8
268410907 8
268410909 8
268410911 8
268427233 7
268427235 7
268427237 7
268427239 7
268427241 7
268427243 7
268427245 7
268427247 7
268427249 7
268427251 7
268427253 7
268427255 7
268427257 7
268427259 7
268427261 7
268427263 7
268427265 6
268427267 6
268427269 6
268427271 6
268427273 7
268427275 7
268427277 7
268427279 7
268427281 6
268427283 6
268427285 6
268427287 6
268427289 6
268427291 6
268427293 6
268427295 6
268443617 6
268443619 6
268443621 6
268443623 6
268443625 6
268443627 6
268443629 6
268443631 6
268443633 6
268443635 6
268443637 6
268443639 6
268443641 6
268443643 6
268443645 6
268443647 6
268443649 6
268443651 6
268443653 6
268443655 6
268443657 6
268443659 6
268443661 6
268443663 6
268443665 6
268443667 6
268443669 6
268443671 6
268443673 6
268443675 6
268443677 6
268443679 6
268460001 6
268460003 6
268460005 6
268460007 6
268460009 6
268460011 6
268460013 6
268460015 6
268460017 6
268460019 6
268460021 6
268460023 6
268460025 6
268460027 6
268460029 6
268460031 6
268460033 6
268460035 6
268460037 6
268460039 6
268460041 6
268460043 6
268460045 6
268460047 6
268460049 6
268460051 6
268460053 6
268460055 6
268460057 6
268460059 6
268460061 6
268460063 6
402628593 32
402628595 32
402628597 32
402628599 32
402628601 32
402628603 32
402628605 32
402628607 32
402628609 32
402628611 32
402628613 32
402628615 32
402628617 32
402628619 32
402628621 32
402628623 32
402644977 26
402644979 26
402644981 26
402644983 26
402644985 26
402644987 26
402644989 26
402644991 26
402644993 26
402644995 26
402644997 26
402644999 26
402645001 28
402645003 28
402645005 28
402645007 28
402661361 24
402661363 24
402661365 24
402661367 24
402661369 24
402661371 24
402661373 24
402661375 24
402661377 24
402661379 24
402661381 24
402661383 24
402661385 24
402661387 24
402661389 24
402661391 24
402677745 24
402677747 24
402677749 24
402677751 24
402677753 24
402677755 24
402677757 24
402677759 24
402677761 24
402677763 24
402677765 24
402677767 24
402677769 24
402677771 24
402677773 24
402677775 24
536846273 4
536846277 4
536846283 4
536846287 4
536846289 4
536846293 4
536846299 4
536846303 4
536846307 4
536846311 4
536846313 4
536846317 4
536846323 4
536846327 4
536846329 4
536846333 4
536846337 4
536846341 4
536846347 4
536846351 4
536846353 4
536846357 4
536846363 4
536846367 4
536846371 4
536846375 4
536846377 4
536846381 4
536846387 4
536846391 4
536846393 4
536846397 4
536862659 3
536862663 3
536862665 3
536862669 3
536862675 3
536862679 3
536862681 3
536862685 3
536862689 3
536862693 3
536862699 3
536862703 3
536862705 3
536862709 3
536862715 3
536862719 3
536862723 3
536862727 3
536862729 4
536862733 4
536862739 3
536862743 3
536862745 3
536862749 3
536862753 4
536862757 4
536862763 4
536862767 4
536862769 4
536862773 4
536862779 4
536862783 4
536879041 3
536879045 3
536879051 3
536879055 3
536879057 3
536879061 3
536879067 3
536879071 3
536879075 3
536879079 3
536879081 3
536879085 3
536879091 3
536879095 3
536879097 3
536879101 3
536879105 3
536879109 3
536879115 3
536879119 3
536879121 3
536879125 3
536879131 3
536879135 3
536879139 3
536879143 3
536879145 3
536879149 3
536879155 3
536879159 3
536879161 3
536879165 3
536895427 3
536895431 3
536895433 3
536895437 3
536895443 3
536895447 3
536895449 3
536895453 3
536895457 3
536895461 3
536895467 3
536895471 3
536895473 3
536895477 3
536895483 3
536895487 3
536895491 3
536895495 3
536895497 3
536895501 3
536895507 3
536895511 3
536895513 3
536895517 3
536895521 3
536895525 3
536895531 3
536895535 3
536895537 3
536895541 3
536895547 3
536895551 3
805281761 8
805281763 8
805281765 8
805281767 8
805281769 8
805281771 8
805281773 8
805281775 8
805281777 8
805281779 8
805281781 8
805281783 8
805281785 8
805281787 8
805281789 8
805281791 8
805281793 8
805281795 8
805281797 8
805281799 8
805281801 8
805281803 8
805281805 8
805281807 8
805281809 8
805281811 8
805281813 8
805281815 8
805281817 8
805281819 8
805281821 8
805281823 8
805298145 7
805298147 7
805298149 7
805298151 7
805298153 7
805298155 7
805298157 7
805298159 7
805298161 7
805298163 7
805298165 7
805298167 7
805298169 7
805298171 7
805298173 7
805298175 7
805298177 6
805298179 6
805298181 6
805298183 6
805298185 7
805298187 7
805298189 7
805298191 7
805298193 6
805298195 6
805298197 6
805298199 6
805298201 6
805298203 6
805298205 6
805298207 6
805314529 6
805314531 6
805314533 6
805314535 6
805314537 6
805314539 6
805314541 6
805314543 6
805314545 6
805314547 6
805314549 6
805314551 6
805314553 6
805314555 6
805314557 6
805314559 6
805314561 6
805314563 6
805314565 6
805314567 6
805314569 6
805314571 6
805314573 6
805314575 6
805314577 6
805314579 6
805314581 6
805314583 6
805314585 6
805314587 6
805314589 6
805314591 6
805330913 6
805330915 6
805330917 6
805330919 6
805330921 6
805330923 6
805330925 6
805330927 6
805330929 6
805330931 6
805330933 6
805330935 6
805330937 6
805330939 6
805330941 6
805330943 6
805330945 6
805330947 6
805330949 6
805330951 6
805330953 6
805330955 6
805330957 6
805330959 6
805330961 6
805330963 6
805330965 6
805330967 6
805330969 6
805330971 6
805330973 6
805330975 6
1073717121 2
1073717125 2
1073717131 2
1073717135 2
1073717137 2
1073717141 2
1073717147 2
1073717151 2
1073717155 2
1073717159 2
1073717161 2
1073717165 2
1073717171 2
1073717175 2
1073717177 2
1073717181 2
1073717185 2
1073717189 2
1073717195 2
1073717199 2
1073717201 2
1073717205 2
1073717211 2
1073717215 2
1073717219 2
1073717223 2
1073717225 2
1073717229 2
1073717235 2
1073717239 2
1073717241 2
1073717245 2
1073717249 2
1073717253 2
1073717259 2
1073717263 2
1073717265 2
1073717269 2
1073717275 2
1073717279 2
1073717283 2
1073717287 2
1073717289 2
1073717293 2
1073717299 2
1073717303 2
1073717305 2
1073717309 2
1073717313 2
1073717317 2
1073717323 2
1073717327 2
1073717329 2
1073717333 2
1073717339 2
1073717343 2
1073717347 2
1073717351 2
1073717353 2
1073717357 2
1073717363 2
1073717367 2
1073717369 2
1073717373 2
1073733507 2
1073733511 2
1073733513 2
1073733517 2
1073733523 2
1073733527 2
1073733529 2
1073733533 2
1073733537 2
1073733541 2
1073733547 2
1073733551 2
1073733553 2
1073733557 2
1073733563 2
1073733567 2
1073733571 2
1073733575 2
1073733577 2
1073733581 2
1073733587 2
1073733591 2
1073733593 2
1073733597 2
1073733601 2
1073733605 2
1073733611 2
1073733615 2
1073733617 2
1073733621 2
1073733627 2
1073733631 2
1073733635 1
1073733639 1
1073733641 2
1073733645 2
1073733651 1
1073733655 1
1073733657 1
1073733661 1
1073733665 2
1073733669 2
1073733675 2
1073733679 2
1073733681 2
1073733685 2
1073733691 2
1073733695 2
1073733699 1
1073733703 1
1073733705 1
1073733709 1
1073733715 1
1073733719 1
1073733721 1
1073733725 1
1073733729 1
1073733733 1
1073733739 1
1073733743 1
1073733745 1
1073733749 1
1073733755 1
1073733759 1
1073749889 1
1073749893 1
1073749899 1
1073749903 1
1073749905 1
1073749909 1
1073749915 1
1073749919 1
1073749923 1
1073749927 1
1073749929 1
1073749933 1
1073749939 1
1073749943 1
1073749945 1
1073749949 1
1073749953 1
1073749957 1
1073749963 1
1073749967 1
1073749969 1
1073749973 1
1073749979 1
1073749983 1
1073749987 1
1073749991 1
1073749993 1
1073749997 1
1073750003 1
1073750007 1
1073750009 1
1073750013 1
1073750017 2
1073750021 2
1073750027 2
1073750031 2
1073750033 2
1073750037 2
1073750043 2
1073750047 2
1073750051 2
1073750055 2
1073750057 2
1073750061 2
1073750067 2
1073750071 2
1073750073 2
1073750077 2
1073750081 2
1073750085 2
1073750091 2
1073750095 2
1073750097 2
1073750101 2
1073750107 2
1073750111 2
1073750115 2
1073750119 2
1073750121 2
1073750125 2
1073750131 2
1073750135 2
1073750137 2
1073750141 2
1073766275 2
1073766279 2
1073766281 2
1073766285 2
1073766291 2
1073766295 2
1073766297 2
1073766301 2
1073766305 2
1073766309 2
1073766315 2
1073766319 2
1073766321 2
1073766325 2
1073766331 2
1073766335 2
1073766339 2
1073766343 2
1073766345 2
1073766349 2
1073766355 2
1073766359 2
1073766361 2
1073766365 2
1073766369 2
1073766373 2
1073766379 2
1073766383 2
1073766385 2
1073766389 2
1073766395 2
1073766399 2
1073766403 1
1073766407 1
1073766409 1
1073766413 1
1073766419 1
1073766423 1
1073766425 1
1073766429 1
1073766433 1
1073766437 1
1073766443 1
1073766447 1
1073766449 1
1073766453 1
1073766459 1
1073766463 1
1073766467 1
1073766471 1
1073766473 1
1073766477 1
1073766483 1
1073766487 1
1073766489 1
1073766493 1
1073766497 1
1073766501 1
1073766507 1
1073766511 1
1073766513 1
1073766517 1
1073766523 1
1073766527 1
1610588097 4
1610588101 4
1610588107 4
1610588111 4
1610588113 4
1610588117 4
1610588123 4
1610588127 4
1610588131 4
1610588135 4
1610588137 4
1610588141 4
1610588147 4
1610588151 4
1610588153 4
1610588157 4
1610588161 4
1610588165 4
1610588171 4
1610588175 4
1610588177 4
1610588181 4
1610588187 4
1610588191 4
1610588195 4
1610588199 4
1610588201 4
1610588205 4
1610588211 4
1610588215 4
1610588217 4
1610588221 4
1610604483 3
1610604487 3
1610604489 3
1610604493 3
1610604499 3
1610604503 3
1610604505 3
1610604509 3
1610604513 3
1610604517 3
1610604523 3
1610604527 3
1610604529 3
1610604533 3
1610604539 3
1610604543 3
1610604547 3
1610604551 3
1610604553 4
1610604557 4
1610604563 3
1610604567 3
1610604569 3
1610604573 3
1610604577 4
1610604581 4
1610604587 4
1610604591 4
1610604593 4
1610604597 4
1610604603 4
1610604607 4
1610620865 3
1610620869 3
1610620875 3
1610620879 3
1610620881 3
1610620885 3
1610620891 3
1610620895 3
1610620899 3
1610620903 3
1610620905 3
1610620909 3
1610620915 3
1610620919 3
1610620921 3
1610620925 3
1610620929 3
1610620933 3
1610620939 3
1610620943 3
1610620945 3
1610620949 3
1610620955 3
1610620959 3
1610620963 3
1610620967 3
1610620969 3
1610620973 3
1610620979 3
1610620983 3
1610620985 3
1610620989 3
1610637251 3
1610637255 3
1610637257 3
1610637261 3
1610637267 3
1610637271 3
1610637273 3
1610637277 3
1610637281 3
1610637285 3
1610637291 3
1610637295 3
1610637297 3
1610637301 3
1610637307 3
1610637311 3
1610637315 3
1610637319 3
1610637321 3
1610637325 3
1610637331 3
1610637335 3
1610637337 3
1610637341 3
1610637345 3
1610637349 3
1610637355 3
1610637359 3
1610637361 3
1610637365 3
1610637371 3
1610637375 3
2147458818 1
2147458822 1
2147458826 1
2147458830 1
2147458834 1
2147458838 1
2147458842 1
2147458846 1
2147458850 1
2147458854 1
2147458858 1
2147458862 1
2147458866 1
2147458870 1
2147458874 1
2147458878 1
2147458882 1
2147458886 1
2147458890 1
2147458894 1
2147458898 1
2147458902 1
2147458906 1
2147458910 1
2147458914 1
2147458918 1
2147458922 1
2147458926 1
2147458930 1
2147458934 1
2147458938 1
2147458942 1
2147458946 1
2147458950 1
2147458954 1
2147458958 1
2147458962 1
2147458966 1
2147458970 1
2147458974 1
2147458978 1
2147458982 1
2147458986 1
2147458990 1
2147458994 1
2147458998 1
2147459002 1
2147459006 1
2147459010 1
2147459014 1
2147459018 1
2147459022 1
2147459026 1
2147459030 1
2147459034 1
2147459038 1
2147459042 1
2147459046 1
2147459050 1
2147459054 1
2147459058 1
2147459062 1
2147459066 1
2147459070 1
2147459074 1
2147459078 1
2147459082 1
2147459086 1
2147459090 1
2147459094 1
2147459098 1
2147459102 1
2147459106 1
2147459110 1
2147459114 1
2147459118 1
2147459122 1
2147459126 1
2147459130 1
2147459134 1
2147459138 1
2147459142 1
2147459146 1
2147459150 1
2147459154 1
2147459158 1
2147459162 1
2147459166 1
2147459170 1
2147459174 1
2147459178 1
2147459182 1
2147459186 1
2147459190 1
2147459194 1
2147459198 1
2147459202 1
2147459206 1
2147459210 1
2147459214 1
2147459218 1
2147459222 1
2147459226 1
2147459230 1
2147459234 1
2147459238 1
2147459242 1
2147459246 1
2147459250 1
2147459254 1
2147459258 1
2147459262 1
2147459266 1
2147459270 1
2147459274 1
2147459278 1
2147459282 1
2147459286 1
2147459290 1
2147459294 1
2147459298 1
2147459302 1
2147459306 1
2147459310 1
2147459314 1
2147459318 1
2147459322 1
2147459326 1
2147475210 1
2147475214 1
2147475234 1
2147475238 1
2147475242 1
2147475246 1
2147475250 1
2147475254 1
2147475258 1
2147475262 1
2147475330 1
2147475334 1
2147475338 1
2147475342 1
2147475346 1
2147475350 1
2147475354 1
2147475358 1
2147475362 1
2147475366 1
2147475370 1
2147475374 1
2147475378 1
2147475382 1
2147475386 1
2147475390 1
2147475394 1
2147475398 1
2147475402 1
2147475406 1
2147475410 1
2147475414 1
2147475418 1
2147475422 1
2147475426 1
2147475430 1
2147475434 1
2147475438 1
2147475442 1
2147475446 1
2147475450 1
2147475454 1
2147475458 1
2147475462 1
2147475466 1
2147475470 1
2147475474 1
2147475478 1
2147475482 1
2147475486 1
2147475490 1
2147475494 1
2147475498 1
2147475502 1
2147475506 1
2147475510 1
2147475514 1
2147475518 1
2147475522 1
2147475526 1
2147475530 1
2147475534 1
2147475538 1
2147475542 1
2147475546 1
2147475550 1
2147475554 1
2147475558 1
2147475562 1
2147475566 1
2147475570 1
2147475574 1
2147475578 1
2147475582 1
2147475586 1
2147475590 1
2147475594 1
2147475598 1
2147475602 1
2147475606 1
2147475610 1
2147475614 1
2147475618 1
2147475622 1
2147475626 1
2147475630 1
2147475634 1
2147475638 1
2147475642 1
2147475646 1
2147475650 1
2147475654 1
2147475658 1
2147475662 1
2147475666 1
2147475670 1
2147475674 1
2147475678 1
2147475682 1
2147475686 1
2147475690 1
2147475694 1
2147475698 1
2147475702 1
2147475706 1
2147475710 1
2147491586 1
2147491590 1
2147491594 1
2147491598 1
2147491602 1
2147491606 1
2147491610 1
2147491614 1
2147491618 1
2147491622 1
2147491626 1
2147491630 1
2147491634 1
2147491638 1
2147491642 1
2147491646 1
2147491650 1
2147491654 1
2147491658 1
2147491662 1
2147491666 1
2147491670 1
2147491674 1
2147491678 1
2147491682 1
2147491686 1
2147491690 1
2147491694 1
2147491698 1
2147491702 1
2147491706 1
2147491710 1
2147491714 1
2147491718 1
2147491722 1
2147491726 1
2147491730 1
2147491734 1
2147491738 1
2147491742 1
2147491746 1
2147491750 1
2147491754 1
2147491758 1
2147491762 1
2147491766 1
2147491770 1
2147491774 1
2147491778 1
2147491782 1
2147491786 1
2147491790 1
2147491794 1
2147491798 1
2147491802 1
2147491806 1
2147491810 1
2147491814 1
2147491818 1
2147491822 1
2147491826 1
2147491830 1
2147491834 1
2147491838 1
2147491842 1
2147491846 1
2147491850 1
2147491854 1
2147491858 1
2147491862 1
2147491866 1
2147491870 1
2147491874 1
2147491878 1
2147491882 1
2147491886 1
2147491890 1
2147491894 1
2147491898 1
2147491902 1
2147491906 1
2147491910 1
2147491914 1
2147491918 1
2147491922 1
2147491926 1
2147491930 1
2147491934 1
2147491938 1
2147491942 1
2147491946 1
2147491950 1
2147491954 1
2147491958 1
2147491962 1
2147491966 1
2147507970 1
2147507974 1
2147507978 1
2147507982 1
2147507986 1
2147507990 1
2147507994 1
2147507998 1
2147508002 1
2147508006 1
2147508010 1
2147508014 1
2147508018 1
2147508022 1
2147508026 1
2147508030 1
2147508034 1
2147508038 1
2147508042 1
2147508046 1
2147508050 1
2147508054 1
2147508058 1
2147508062 1
2147508066 1
2147508070 1
2147508074 1
2147508078 1
2147508082 1
2147508086 1
2147508090 1
2147508094 1
2147508098 1
2147508102 1
2147508106 1
2147508110 1
2147508114 1
2147508118 1
2147508122 1
2147508126 1
2147508130 1
2147508134 1
2147508138 1
2147508142 1
2147508146 1
2147508150 1
2147508154 1
2147508158 1
2147508162 1
2147508166 1
2147508170 1
2147508174 1
2147508178 1
2147508182 1
2147508186 1
2147508190 1
2147508194 1
2147508198 1
2147508202 1
2147508206 1
2147508210 1
2147508214 1
2147508218 1
2147508222 1
2147508354 1
2147508358 1
2147508362 1
2147508366 1
2147508370 1
2147508374 1
2147508378 1
2147508382 1
2147508386 1
2147508390 1
2147508394 1
2147508398 1
2147508402 1
2147508406 1
2147508410 1
2147508414 1
2147508418 1
2147508422 1
2147508426 1
2147508430 1
2147508434 1
2147508438 1
2147508442 1
2147508446 1
2147508450 1
2147508454 1
2147508458 1
2147508462 1
2147508466 1
2147508470 1
2147508474 1
2147508478 1
2684329923 4
2684329927 4
2684329929 4
2684329933 4
2684329939 4
2684329943 4
2684329945 4
2684329949 4
2684329953 4
2684329957 4
2684329963 4
2684329967 4
2684329969 4
2684329973 4
2684329979 4
2684329983 4
2684329987 4
2684329991 4
2684329993 4
2684329997 4
2684330003 4
2684330007 4
2684330009 4
2684330013 4
2684330017 4
2684330021 4
2684330027 4
2684330031 4
2684330033 4
2684330037 4
2684330043 4
2684330047 4
2684346305 3
2684346309 3
2684346315 3
2684346319 3
2684346321 3
2684346325 3
2684346331 3
2684346335 3
2684346339 3
2684346343 3
2684346345 3
2684346349 3
2684346355 3
2684346359 3
2684346361 3
2684346365 3
2684346369 3
2684346373 3
2684346379 4
2684346383 4
2684346385 3
2684346389 3
2684346395 3
2684346399 3
2684346403 4
2684346407 4
2684346409 4
2684346413 4
2684346419 4
2684346423 4
2684346425 4
2684346429 4
2684362691 3
2684362695 3
2684362697 3
2684362701 3
2684362707 3
2684362711 3
2684362713 3
2684362717 3
2684362721 3
2684362725 3
2684362731 3
2684362735 3
2684362737 3
2684362741 3
2684362747 3
2684362751 3
2684362755 3
2684362759 3
2684362761 3
2684362765 3
2684362771 3
2684362775 3
2684362777 3
2684362781 3
2684362785 3
2684362789 3
2684362795 3
2684362799 3
2684362801 3
2684362805 3
2684362811 3
2684362815 3
2684379073 3
2684379077 3
2684379083 3
2684379087 3
2684379089 3
2684379093 3
2684379099 3
2684379103 3
2684379107 3
2684379111 3
2684379113 3
2684379117 3
2684379123 3
2684379127 3
2684379129 3
2684379133 3
2684379137 3
2684379141 3
2684379147 3
2684379151 3
2684379153 3
2684379157 3
2684379163 3
2684379167 3
2684379171 3
2684379175 3
2684379177 3
2684379181 3
2684379187 3
2684379191 3
2684379193 3
2684379197 3
3221200771 2
3221200775 2
3221200777 2
3221200781 2
3221200787 2
3221200791 2
3221200793 2
3221200797 2
3221200801 2
3221200805 2
3221200811 2
3221200815 2
3221200817 2
3221200821 2
3221200827 2
3221200831 2
3221200835 2
3221200839 2
3221200841 2
3221200845 2
3221200851 2
3221200855 2
3221200857 2
3221200861 2
3221200865 2
3221200869 2
3221200875 2
3221200879 2
3221200881 2
3221200885 2
3221200891 2
3221200895 2
3221200899 2
3221200903 2
3221200905 2
3221200909 2
3221200915 2
3221200919 2
3221200921 2
3221200925 2
3221200929 2
3221200933 2
3221200939 2
3221200943 2
3221200945 2
3221200949 2
3221200955 2
3221200959 2
3221200963 2
3221200967 2
3221200969 2
3221200973 2
3221200979 2
3221200983 2
3221200985 2
3221200989 2
3221200993 2
3221200997 2
3221201003 2
3221201007 2
3221201009 2
3221201013 2
3221201019 2
3221201023 2
3221217153 2
3221217157 2
3221217163 2
3221217167 2
3221217169 2
3221217173 2
3221217179 2
3221217183 2
3221217187 2
3221217191 2
3221217193 2
3221217197 2
3221217203 2
3221217207 2
3221217209 2
3221217213 2
3221217217 2
3221217221 2
3221217227 2
3221217231 2
3221217233 2
3221217237 2
3221217243 2
3221217247 2
3221217251 2
3221217255 2
3221217257 2
3221217261 2
3221217267 2
3221217271 2
3221217273 2
3221217277 2
3221217281 1
3221217285 1
3221217291 2
3221217295 2
3221217297 1
3221217301 1
3221217307 1
3221217311 1
3221217315 2
3221217319 2
3221217321 2
3221217325 2
3221217331 2
3221217335 2
3221217337 2
3221217341 2
3221217345 1
3221217349 1
3221217355 1
3221217359 1
3221217361 1
3221217365 1
3221217371 1
3221217375 1
3221217379 1
3221217383 1
3221217385 1
3221217389 1
3221217395 1
3221217399 1
3221217401 1
3221217405 1
3221233539 1
3221233543 1
3221233545 1
3221233549 1
3221233555 1
3221233559 1
3221233561 1
3221233565 1
3221233569 1
3221233573 1
3221233579 1
3221233583 1
3221233585 1
3221233589 1
3221233595 1
3221233599 1
3221233603 1
3221233607 1
3221233609 1
3221233613 1
3221233619 1
3221233623 1
3221233625 1
3221233629 1
3221233633 1
3221233637 1
3221233643 1
3221233647 1
3221233649 1
3221233653 1
3221233659 1
3221233663 1
3221233667 2
3221233671 2
3221233673 2
3221233677 2
3221233683 2
3221233687 2
3221233689 2
3221233693 2
3221233697 2
3221233701 2
3221233707 2
3221233711 2
3221233713 2
3221233717 2
3221233723 2
3221233727 2
3221233731 2
3221233735 2
3221233737 2
3221233741 2
3221233747 2
3221233751 2
3221233753 2
3221233757 2
3221233761 2
3221233765 2
3221233771 2
3221233775 2
3221233777 2
3221233781 2
3221233787 2
3221233791 2
3221249921 2
3221249925 2
3221249931 2
3221249935 2
3221249937 2
3221249941 2
3221249947 2
3221249951 2
3221249955 2
3221249959 2
3221249961 2
3221249965 2
3221249971 2
3221249975 2
3221249977 2
3221249981 2
3221249985 2
3221249989 2
3221249995 2
3221249999 2
3221250001 2
3221250005 2
3221250011 2
3221250015 2
3221250019 2
3221250023 2
3221250025 2
3221250029 2
3221250035 2
3221250039 2
3221250041 2
3221250045 2
3221250049 1
3221250053 1
3221250059 1
3221250063 1
3221250065 1
3221250069 1
3221250075 1
3221250079 1
3221250083 1
3221250087 1
3221250089 1
3221250093 1
3221250099 1
3221250103 1
3221250105 1
3221250109 1
3221250113 1
3221250117 1
3221250123 1
3221250127 1
3221250129 1
3221250133 1
3221250139 1
3221250143 1
3221250147 1
3221250151 1
3221250153 1
3221250157 1
3221250163 1
3221250167 1
3221250169 1
3221250173 1
3489636321 8
3489636323 8
3489636325 8
3489636327 8
3489636329 8
3489636331 8
3489636333 8
3489636335 8
3489636337 8
3489636339 8
3489636341 8
3489636343 8
3489636345 8
3489636347 8
3489636349 8
3489636351 8
3489636353 8
3489636355 8
3489636357 8
3489636359 8
3489636361 8
3489636363 8
3489636365 8
3489636367 8
3489636369 8
3489636371 8
3489636373 8
3489636375 8
3489636377 8
3489636379 8
3489636381 8
3489636383 8
3489652705 7
3489652707 7
3489652709 7
3489652711 7
3489652713 7
3489652715 7
3489652717 7
3489652719 7
3489652721 7
3489652723 7
3489652725 7
3489652727 7
3489652729 7
3489652731 7
3489652733 7
3489652735 7
3489652737 6
3489652739 6
3489652741 6
3489652743 6
3489652745 7
3489652747 7
3489652749 7
3489652751 7
3489652753 6
3489652755 6
3489652757 6
3489652759 6
3489652761 6
3489652763 6
3489652765 6
3489652767 6
3489669089 6
3489669091 6
3489669093 6
3489669095 6
3489669097 6
3489669099 6
3489669101 6
3489669103 6
3489669105 6
3489669107 6
3489669109 6
3489669111 6
3489669113 6
3489669115 6
3489669117 6
3489669119 6
3489669121 6
3489669123 6
3489669125 6
3489669127 6
3489669129 6
3489669131 6
3489669133 6
3489669135 6
3489669137 6
3489669139 6
3489669141 6
3489669143 6
3489669145 6
3489669147 6
3489669149 6
3489669151 6
3489685473 6
3489685475 6
3489685477 6
3489685479 6
3489685481 6
3489685483 6
3489685485 6
3489685487 6
3489685489 6
3489685491 6
3489685493 6
3489685495 6
3489685497 6
3489685499 6
3489685501 6
3489685503 6
3489685505 6
3489685507 6
3489685509 6
3489685511 6
3489685513 6
3489685515 6
3489685517 6
3489685519 6
3489685521 6
3489685523 6
3489685525 6
3489685527 6
3489685529 6
3489685531 6
3489685533 6
3489685535 6
3758071747 4
3758071751 4
3758071753 4
3758071757 4
3758071763 4
3758071767 4
3758071769 4
3758071773 4
3758071777 4
3758071781 4
3758071787 4
3758071791 4
3758071793 4
3758071797 4
3758071803 4
3758071807 4
3758071811 4
3758071815 4
3758071817 4
3758071821 4
3758071827 4
3758071831 4
3758071833 4
3758071837 4
3758071841 4
3758071845 4
3758071851 4
3758071855 4
3758071857 4
3758071861 4
3758071867 4
3758071871 4
3758088129 3
3758088133 3
3758088139 3
3758088143 3
3758088145 3
3758088149 3
3758088155 3
3758088159 3
3758088163 3
3758088167 3
3758088169 3
3758088173 3
3758088179 3
3758088183 3
3758088185 3
3758088189 3
3758088193 3
3758088197 3
3758088203 4
3758088207 4
3758088209 3
3758088213 3
3758088219 3
3758088223 3
3758088227 4
3758088231 4
3758088233 4
3758088237 4
3758088243 4
3758088247 4
3758088249 4
3758088253 4
3758104515 3
3758104519 3
3758104521 3
3758104525 3
3758104531 3
3758104535 3
3758104537 3
3758104541 3
3758104545 3
3758104549 3
3758104555 3
3758104559 3
3758104561 3
3758104565 3
3758104571 3
3758104575 3
3758104579 3
3758104583 3
3758104585 3
3758104589 3
3758104595 3
3758104599 3
3758104601 3
3758104605 3
3758104609 3
3758104613 3
3758104619 3
3758104623 3
3758104625 3
3758104629 3
3758104635 3
3758104639 3
3758120897 3
3758120901 3
3758120907 3
3758120911 3
3758120913 3
3758120917 3
3758120923 3
3758120927 3
3758120931 3
3758120935 3
3758120937 3
3758120941 3
3758120947 3
3758120951 3
3758120953 3
3758120957 3
3758120961 3
3758120965 3
3758120971 3
3758120975 3
3758120977 3
3758120981 3
3758120987 3
3758120991 3
3758120995 3
3758120999 3
3758121001 3
3758121005 3
3758121011 3
3758121015 3
3758121017 3
3758121021 3
3892289521 32
3892289523 32
3892289525 32
3892289527 32
3892289529 32
3892289531 32
3892289533 32
3892289535 32
3892289537 32
3892289539 32
3892289541 32
3892289543 32
3892289545 32
3892289547 32
3892289549 32
3892289551 32
3892305905 26
3892305907 26
3892305909 26
3892305911 26
3892305913 26
3892305915 26
3892305917 26
3892305919 26
3892305921 26
3892305923 26
3892305925 26
3892305927 26
3892305929 28
3892305931 28
3892305933 28
3892305935 28
3892322289 24
3892322291 24
3892322293 24
3892322295 24
3892322297 24
3892322299 24
3892322301 24
3892322303 24
3892322305 24
3892322307 24
3892322309 24
3892322311 24
3892322313 24
3892322315 24
3892322317 24
3892322319 24
3892338673 24
3892338675 24
3892338677 24
3892338679 24
3892338681 24
3892338683 24
3892338685 24
3892338687 24
3892338689 24
3892338691 24
3892338693 24
3892338695 24
3892338697 24
3892338699 24
3892338701 24
3892338703 24
4026507233 8
4026507235 8
4026507237 8
4026507239 8
4026507241 8
4026507243 8
4026507245 8
4026507247 8
4026507249 8
4026507251 8
4026507253 8
4026507255 8
4026507257 8
4026507259 8
4026507261 8
4026507263 8
4026507265 8
4026507267 8
4026507269 8
4026507271 8
4026507273 8
4026507275 8
4026507277 8
4026507279 8
4026507281 8
4026507283 8
4026507285 8
4026507287 8
4026507289 8
4026507291 8
4026507293 8
4026507295 8
4026523617 7
4026523619 7
4026523621 7
4026523623 7
4026523625 7
4026523627 7
4026523629 7
4026523631 7
4026523633 7
4026523635 7
4026523637 7
4026523639 7
4026523641 7
4026523643 7
4026523645 7
4026523647 7
4026523649 6
4026523651 6
4026523653 6
4026523655 6
4026523657 7
4026523659 7
4026523661 7
4026523663 7
4026523665 6
4026523667 6
4026523669 6
4026523671 6
4026523673 6
4026523675 6
4026523677 6
4026523679 6
4026540001 6
4026540003 6
4026540005 6
4026540007 6
4026540009 6
4026540011 6
4026540013 6
4026540015 6
4026540017 6
4026540019 6
4026540021 6
4026540023 6
4026540025 6
4026540027 6
4026540029 6
4026540031 6
4026540033 6
4026540035 6
4026540037 6
4026540039 6
4026540041 6
4026540043 6
4026540045 6
4026540047 6
4026540049 6
4026540051 6
4026540053 6
4026540055 6
4026540057 6
4026540059 6
4026540061 6
4026540063 6
4026556385 6
4026556387 6
4026556389 6
4026556391 6
4026556393 6
4026556395 6
4026556397 6
4026556399 6
4026556401 6
4026556403 6
4026556405 6
4026556407 6
4026556409 6
4026556411 6
4026556413 6
4026556415 6
4026556417 6
4026556419 6
4026556421 6
4026556423 6
4026556425 6
4026556427 6
4026556429 6
4026556431 6
4026556433 6
4026556435 6
4026556437 6
4026556439 6
4026556441 6
4026556443 6
4026556445 6
4026556447 6
4093616121 128
4093616123 128
4093616125 128
4093616127 128
4093616129 128
4093616131 128
4093616133 128
4093616135 128
4093632505 108
4093632507 108
4093632509 108
4093632511 108
4093632513 104
4093632515 104
4093632517 104
4093632519 104
4093648889 96
4093648891 96
4093648893 96
4093648895 96
4093648897 96
4093648899 96
4093648901 96
4093648903 96
4093665273 96
4093665275 96
4093665277 96
4093665279 96
4093665281 96
4093665283 96
4093665285 96
4093665287 96
4160724977 32
4160724979 32
4160724981 32
4160724983 32
4160724985 32
4160724987 32
4160724989 32
4160724991 32
4160724993 32
4160724995 32
4160724997 32
4160724999 32
4160725001 32
4160725003 32
4160725005 32
4160725007 32
4160741361 26
4160741363 26
4160741365 26
4160741367 26
4160741369 26
4160741371 26
4160741373 26
4160741375 26
4160741377 26
4160741379 26
4160741381 26
4160741383 26
4160741385 28
4160741387 28
4160741389 28
4160741391 28
4160757745 24
4160757747 24
4160757749 24
4160757751 24
4160757753 24
4160757755 24
4160757757 24
4160757759 24
4160757761 24
4160757763 24
4160757765 24
4160757767 24
4160757769 24
4160757771 24
4160757773 24
4160757775 24
4160774129 24
4160774131 24
4160774133 24
4160774135 24
4160774137 24
4160774139 24
4160774141 24
4160774143 24
4160774145 24
4160774147 24
4160774149 24
4160774151 24
4160774153 24
4160774155 24
4160774157 24
4160774159 24
4194279421 512
4194279423 512
4194279425 512
4194279427 512
4194295805 424
4194295807 424
4194295809 424
4194295811 424
4194312189 384
4194312191 384
4194312193 384
4194312195 384
4194328573 384
4194328575 384
4194328577 384
4194328579 384
4227833849 128
4227833851 128
4227833853 128
4227833855 128
4227833857 128
4227833859 128
4227833861 128
4227833863 128
4227850233 108
4227850235 108
4227850237 108
4227850239 108
4227850241 104
4227850243 104
4227850245 104
4227850247 104
4227866617 96
4227866619 96
4227866621 96
4227866623 96
4227866625 96
4227866627 96
4227866629 96
4227866631 96
4227883001 96
4227883003 96
4227883005 96
4227883007 96
4227883009 96
4227883011 96
4227883013 96
4227883015 96
4244611071 2048
4244611073 2048
4244627455 1696
4244627457 1696
4244643839 1536
4244643841 1536
4244660223 1536
4244660225 1536
4261388285 512
4261388287 512
4261388289 512
4261388291 512
4261404669 424
4261404671 424
4261404673 424
4261404675 424
4261421053 384
4261421055 384
4261421057 384
4261421059 384
4261437437 384
4261437439 384
4261437441 384
4261437443 384
4269776896 8192
4269793280 6784
4269809664 6144
4269826048 6144
4278165503 2048
4278165505 2048
4278181887 1696
4278181889 1696
4278198271 1536
4278198273 1536
4278214655 1536
4278214657 1536
4282359808 16384
4282376192 13568
4282392576 12288
4282408960 12288
4286554112 8192
4286570496 6784
4286586880 6144
4286603264 6144
4288651264 32768
4288667648 27136
4288684032 24576
4288700416 24576
4290748416 16384
4290764800 13568
4290781184 12288
4290797568 12288
4291796992 65536
4291813376 54272
4291829760 49152
4291846144 49152
4292845568 32768
4292861952 27136
4292878336 24576
4292894720 24576
4293369856 131072
4293386240 108544
4293402624 98304
4293419008 98304
4293894144 65536
4293910528 54272
4293926912 49152
4293943296 49152
4294156288 262144
4294172672 217088
4294189056 196608
4294205440 196608
4294418432 131072
4294434816 108544
4294451200 98304
4294467584 98304
4294549504 524288
4294565888 434176
4294582272 393216
4294598656 393216
4294680576 262144
4294696960 217088
4294713344 196608
4294729728 196608
4294746112 1048576
4294762496 868352
4294778880 786432
4294795264 786432
4294811648 524288
4294828032 434176
4294844416 1966080
4294860800 1966080
4294877184 3145728
4294893568 2605056
4294909952 2359296
4294926336 15597568
4294941961 1
4294941977 1
4294941993 1
4294942009 1
4294942025 1
4294942041 1
4294942057 1
4294942073 1
4294942340 1
4294942348 1
4294942356 1
4294942364 1
4294942372 1
4294942380 1
4294942388 1
4294942396 1
4294942404 1
4294942412 1
4294942420 1
4294942428 1
4294942436 1
4294942444 1
4294942452 1
4294942460 1
4294942596 1
4294942601 1
4294942604 1
4294942612 1
4294942617 1
4294942620 1
4294942628 1
4294942633 1
4294942636 1
4294942644 1
4294942649 1
4294942652 1
4294942660 1
4294942665 1
4294942668 1
4294942676 1
4294942681 1
4294942684 1
4294942692 1
4294942697 1
4294942700 1
4294942708 1
4294942713 1
4294942716 1
4294942720 16777216
4294942724 1
4294942729 1
4294942732 1
4294942737 1
4294942740 1
4294942745 1
4294942748 1
4294942753 1
4294942756 1
4294942761 1
4294942764 1
4294942769 1
4294942772 1
4294942777 1
4294942780 1
4294942785 1
4294942788 1
4294942793 1
4294942796 1
4294942801 1
4294942804 1
4294942809 1
4294942812 1
4294942817 1
4294942820 1
4294942825 1
4294942828 1
4294942833 1
4294942836 1
4294942841 1
4294942844 1
4294942849 1
4294942980 1
4294942988 1
4294942996 1
4294943004 1
4294943012 1
4294943020 1
4294943028 1
4294943036 1
4294943044 1
4294943052 1
4294943060 1
4294943068 1
4294943076 1
4294943084 1
4294943092 1
4294943100 1
4294943361 1
4294943369 1
4294943377 1
4294943385 1
4294943393 1
4294943401 1
4294943409 1
4294943417 1
4294943425 1
4294943433 1
4294943441 1
4294943449 1
4294943457 1
4294943465 1
4294943473 1
4294943481 1
4294944017 1
4294944033 1
4294944049 1
4294944065 1
4294944081 1
4294944097 1
4294944113 1
4294944129 1
4294944641 1
4294944657 1
4294944673 1
4294944689 1
4294944705 1
4294944721 1
4294944737 1
4294944753 1
4294958473 1
4294958489 1
4294958505 1
4294958521 1
4294958537 1
4294958553 1
4294958569 1
4294958585 1
4294958596 1
4294958604 1
4294958612 1
4294958620 1
4294958628 1
4294958636 1
4294958644 1
4294958652 1
4294958660 1
4294958668 1
4294958676 1
4294958684 1
4294958692 1
4294958700 1
4294958708 1
4294958716 1
4294958857 1
4294958860 1
4294958884 1
4294958889 1
4294958892 1
4294958900 1
4294958905 1
4294958908 1
4294959104 1736704
4294959236 1
4294959241 1
4294959244 1
4294959249 1
4294959252 1
4294959257 1
4294959260 1
4294959265 1
4294959268 1
4294959273 1
4294959276 1
4294959281 1
4294959284 1
4294959289 1
4294959292 1
4294959297 1
4294959300 1
4294959305 1
4294959308 1
4294959313 1
4294959316 1
4294959321 1
4294959324 1
4294959329 1
4294959332 1
4294959337 1
4294959340 1
4294959345 1
4294959348 1
4294959353 1
4294959356 1
4294959361 1
4294959492 1
4294959500 1
4294959508 1
4294959516 1
4294959524 1
4294959532 1
4294959540 1
4294959548 1
4294959556 1
4294959564 1
4294959572 1
4294959580 1
4294959588 1
4294959596 1
4294959604 1
4294959612 1
4294959625 1
4294959633 1
4294959641 1
4294959649 1
4294959657 1
4294959665 1
4294959673 1
4294959681 1
4294959689 1
4294959697 1
4294959705 1
4294959713 1
4294959721 1
4294959729 1
4294959737 1
4294959873 1
4294960385 1
4294960529 1
4294960545 1
4294960561 1
4294960577 1
4294960593 1
4294960609 1
4294960625 1
4294960929 1
4294960945 1
