Step is : 8
Step is : 7
Step 8 : 
3781928808 3781928808
840142481 840142481
3168625885 3168625885
785222164 785222164
500857039 500857039
2606183769 2606183769
3343465518 3343465518
46829399 2074208534
306831855 2602600492
0 0
0 0
0 0
0 0
0 0
0 0
0 0
Step is : 8
Step is : 7
Step 8 : 
3781928808 3781928808
840142481 840142481
3168625885 3168625885
785222164 785222164
500857039 500857039
2606183769 2606183769
3343465518 3343465518
3554118860 1248912265
2773098277 740521702
0 0
0 0
0 0
0 0
0 0
0 0
0 0
Step is : 8
Step is : 7
Step 8 : 
3781928808 3781928808
840142481 840142481
3168625885 3168625885
785222164 785222164
500857039 500857039
2606183769 2606183769
3343465518 3343465518
3822632651 1517278602
784232489 2815891946
0 0
0 0
0 0
0 0
0 0
0 0
0 0
Step is : 8
Step is : 7
Step 8 : 
3781928808 3781928808
840142481 840142481
3168625885 3168625885
785222164 785222164
500857039 500857039
2606183769 2606183769
3343465518 3343465518
578285785 2614134684
3945774552 1648808987
0 0
0 0
0 0
0 0
0 0
0 0
0 0
Step is : 8
Step is : 7
Step 8 : 
3781928808 3781928808
840142481 840142481
3168625885 3168625885
785222164 785222164
500857039 500857039
2606183769 2606183769
3343465518 3343465518
4084725262 1792056911
774720172 2806260591
0 0
0 0
0 0
0 0
0 0
0 0
0 0
Step is : 8
Step is : 7
Step 8 : 
3781928808 3781928808
840142481 840142481
3168625885 3168625885
785222164 785222164
500857039 500857039
2606183769 2606183769
3343465518 3343465518
194680345 2461138524
2822056402 559693841
0 0
0 0
0 0
0 0
0 0
0 0
0 0
Step is : 8
Step is : 7
Step 8 : 
3781928808 3781928808
840142481 840142481
3168625885 3168625885
785222164 785222164
500857039 500857039
2606183769 2606183769
3343465518 3343465518
4202747466 2213002763
1489726905 3517056122
0 0
0 0
0 0
0 0
0 0
0 0
0 0
Step is : 8
Step is : 7
Step 8 : 
3781928808 3781928808
840142481 840142481
3168625885 3168625885
785222164 785222164
500857039 500857039
2606183769 2606183769
3343465518 3343465518
579906383 2612512014
1820622249 3857519722
0 0
0 0
0 0
0 0
0 0
0 0
0 0
Step is : 8
Step is : 7
Step 8 : 
3781928808 3781928808
840142481 840142481
3168625885 3168625885
785222164 785222164
500857039 500857039
2606183769 2606183769
3343465518 3343465518
853011980 2876278345
2387274397 119767902
0 0
0 0
0 0
0 0
0 0
0 0
0 0
Step is : 8
Step is : 7
Step 8 : 
3781928808 3781928808
840142481 840142481
3168625885 3168625885
785222164 785222164
500857039 500857039
2606183769 2606183769
3343465518 3343465518
196195346 2459622483
3137053840 865258835
0 0
0 0
0 0
0 0
0 0
0 0
0 0
Step is : 8
Step is : 7
Step 8 : 
3781928808 3781928808
840142481 840142481
3168625885 3168625885
785222164 785222164
500857039 500857039
2606183769 2606183769
3343465518 3343465518
3819435417 1522573020
28387583 2295873852
0 0
0 0
0 0
0 0
0 0
0 0
0 0
Step is : 8
Step is : 7
Step 8 : 
3781928808 3781928808
840142481 840142481
3168625885 3168625885
785222164 785222164
500857039 500857039
2606183769 2606183769
3343465518 3343465518
179893455 2475662222
3965580580 1697946855
0 0
0 0
0 0
0 0
0 0
0 0
0 0
Step is : 8
Step is : 7
Step 8 : 
3781928808 3781928808
840142481 840142481
3168625885 3168625885
785222164 785222164
500857039 500857039
2606183769 2606183769
3343465518 3343465518
331849623 2325805270
4233202049 1966661698
0 0
0 0
0 0
0 0
0 0
0 0
0 0
Step is : 8
Step is : 7
Step 8 : 
3781928808 3781928808
840142481 840142481
3168625885 3168625885
785222164 785222164
500857039 500857039
2606183769 2606183769
3343465518 3343465518
3816932681 1525329676
2774738994 738869745
0 0
0 0
0 0
0 0
0 0
0 0
0 0
Step is : 8
Step is : 7
Step 8 : 
3781928808 3781928808
840142481 840142481
3168625885 3168625885
785222164 785222164
500857039 500857039
2606183769 2606183769
3343465518 3343465518
4085220506 1793649627
1753864354 3789599073
0 0
0 0
0 0
0 0
0 0
0 0
0 0
Step is : 8
Step is : 7
Step 8 : 
3781928808 3781928808
840142481 840142481
3168625885 3168625885
785222164 785222164
500857039 500857039
2606183769 2606183769
3343465518 3343465518
445704272 2746716173
629192261 2901008262
0 0
0 0
0 0
0 0
0 0
0 0
0 0
