Step 7 : 
2498720648 2498720648
911440059 911440059
276431651 276431651
2756982377 2756982377
2037452514 2037452514
2610158596 2610158596
3204720939 3204720939
2982509948 4170335617
0 0
0 0
0 0
0 0
0 0
0 0
0 0
0 0
Step 7 : 
2498720648 2498720648
911440059 911440059
276431651 276431651
2756982377 2756982377
2037452514 2037452514
2610158596 2610158596
3238275369 3238275369
1797405864 578094165
0 0
0 0
0 0
0 0
0 0
0 0
0 0
0 0
Step 7 : 
2498720648 2498720648
911440059 911440059
276431651 276431651
2756982377 2756982377
2037452514 2037452514
2610158596 2610158596
1627646249 1627646249
1053398658 2006888063
0 0
0 0
0 0
0 0
0 0
0 0
0 0
0 0
Step 7 : 
2498720648 2498720648
911440059 911440059
276431651 276431651
2756982377 2756982377
2037452514 2037452514
2610158596 2610158596
1294199081 1294199081
3963287549 2775437056
0 0
0 0
0 0
0 0
0 0
0 0
0 0
0 0
Step 7 : 
2498720648 2498720648
911440059 911440059
276431651 276431651
2756982377 2756982377
2037452514 2037452514
2610158596 2610158596
3506710827 3506710827
4102047337 3185016468
0 0
0 0
0 0
0 0
0 0
0 0
0 0
0 0
Step 7 : 
2498720648 2498720648
911440059 911440059
276431651 276431651
2756982377 2756982377
2037452514 2037452514
2610158596 2610158596
3238258985 3238258985
1781379869 595233760
0 0
0 0
0 0
0 0
0 0
0 0
0 0
0 0
Step 7 : 
2498720648 2498720648
911440059 911440059
276431651 276431651
2756982377 2756982377
2037452514 2037452514
2610158596 2610158596
3506710827 3506710827
2947111912 3875431189
0 0
0 0
0 0
0 0
0 0
0 0
0 0
0 0
Step 7 : 
2498720648 2498720648
911440059 911440059
276431651 276431651
2756982377 2756982377
2037452514 2037452514
2610158596 2610158596
1023682859 1023682859
1572332282 350280199
0 0
0 0
0 0
0 0
0 0
0 0
0 0
0 0
Step 7 : 
2498720648 2498720648
911440059 911440059
276431651 276431651
2756982377 2756982377
2037452514 2037452514
2610158596 2610158596
1059318059 1059318059
1869024274 640693487
0 0
0 0
0 0
0 0
0 0
0 0
0 0
0 0
Step 7 : 
2498720648 2498720648
911440059 911440059
276431651 276431651
2756982377 2756982377
2037452514 2037452514
2610158596 2610158596
3439585579 3439585579
228208578 1154291519
0 0
0 0
0 0
0 0
0 0
0 0
0 0
0 0
Step 7 : 
2498720648 2498720648
911440059 911440059
276431651 276431651
2756982377 2756982377
2037452514 2037452514
2610158596 2610158596
3173247273 3173247273
2031024788 811188841
0 0
0 0
0 0
0 0
0 0
0 0
0 0
0 0
Step 7 : 
2498720648 2498720648
911440059 911440059
276431651 276431651
2756982377 2756982377
2037452514 2037452514
2610158596 2610158596
1292118313 1292118313
629072043 1814681686
0 0
0 0
0 0
0 0
0 0
0 0
0 0
0 0
Step 7 : 
2498720648 2498720648
911440059 911440059
276431651 276431651
2756982377 2756982377
2037452514 2037452514
2610158596 2610158596
1057220905 1057220905
178228637 1137227104
0 0
0 0
0 0
0 0
0 0
0 0
0 0
0 0
Step 7 : 
2498720648 2498720648
911440059 911440059
276431651 276431651
2756982377 2756982377
2037452514 2037452514
2610158596 2610158596
3206801707 3206801707
3968590041 2782713892
0 0
0 0
0 0
0 0
0 0
0 0
0 0
0 0
Step 7 : 
2498720648 2498720648
911440059 911440059
276431651 276431651
2756982377 2756982377
2037452514 2037452514
2610158596 2610158596
3743689003 3743689003
3661448699 2473229574
0 0
0 0
0 0
0 0
0 0
0 0
0 0
0 0
Step 7 : 
2498720648 2498720648
911440059 911440059
276431651 276431651
2756982377 2756982377
2037452514 2037452514
2610158596 2610158596
3743689003 3743689003
1659790979 733568638
0 0
0 0
0 0
0 0
0 0
0 0
0 0
0 0
Step 7 : 
2498720648 2498720648
911440059 911440059
276431651 276431651
2756982377 2756982377
2037452514 2037452514
2610158596 2610158596
1594108203 1594108203
3972745018 2778496967
0 0
0 0
0 0
0 0
0 0
0 0
0 0
0 0
Step 7 : 
2498720648 2498720648
911440059 911440059
276431651 276431651
2756982377 2756982377
2037452514 2037452514
2610158596 2610158596
1025780009 1025780009
2621026700 3580791153
0 0
0 0
0 0
0 0
0 0
0 0
0 0
0 0
Step is : 6
Step 7 : 
2498720648 2498720648
911440059 911440059
276431651 276431651
2756982377 2756982377
2037452514 2037452514
731110146 731110146
320776937 320776937
3359454906 2171211335
0 0
0 0
0 0
0 0
0 0
0 0
0 0
0 0
Step is : 7
Step 7 : 
2498720648 2498720648
911440059 911440059
276431651 276431651
2756982377 2756982377
2037452514 2037452514
731110146 731110146
2199825895 2199825895
2239435279 3425446642
0 0
0 0
0 0
0 0
0 0
0 0
0 0
0 0
Step 7 : 
2498720648 2498720648
911440059 911440059
276431651 276431651
2756982377 2756982377
2037452514 2037452514
731110146 731110146
4080987111 4080987111
155324224 1075132349
0 0
0 0
0 0
0 0
0 0
0 0
0 0
0 0
Step 7 : 
2498720648 2498720648
911440059 911440059
276431651 276431651
2756982377 2756982377
2037452514 2037452514
731110146 731110146
2470391273 2470391273
3825720174 2907759507
0 0
0 0
0 0
0 0
0 0
0 0
0 0
0 0
Step 7 : 
2498720648 2498720648
911440059 911440059
276431651 276431651
2756982377 2756982377
2037452514 2037452514
731110146 731110146
4080970729 4080970729
3097289173 4056668456
0 0
0 0
0 0
0 0
0 0
0 0
0 0
0 0
Step 7 : 
2498720648 2498720648
911440059 911440059
276431651 276431651
2756982377 2756982377
2037452514 2037452514
731110146 731110146
4080987623 4080987623
1923383432 1005828213
0 0
0 0
0 0
0 0
0 0
0 0
0 0
0 0
Step 7 : 
2498720648 2498720648
911440059 911440059
276431651 276431651
2756982377 2756982377
2037452514 2037452514
731110146 731110146
2201905383 2201905383
3013197983 4207868002
0 0
0 0
0 0
0 0
0 0
0 0
0 0
0 0
Step 7 : 
2498720648 2498720648
911440059 911440059
276431651 276431651
2756982377 2756982377
2037452514 2037452514
731110146 731110146
54455527 54455527
3771378411 2845676054
0 0
0 0
0 0
0 0
0 0
0 0
0 0
0 0
Step 7 : 
2498720648 2498720648
911440059 911440059
276431651 276431651
2756982377 2756982377
2037452514 2037452514
731110146 731110146
2199857385 2199857385
1259073671 39635066
0 0
0 0
0 0
0 0
0 0
0 0
0 0
0 0
Step 7 : 
2498720648 2498720648
911440059 911440059
276431651 276431651
2756982377 2756982377
2037452514 2037452514
731110146 731110146
2468294121 2468294121
668565658 1854847079
0 0
0 0
0 0
0 0
0 0
0 0
0 0
0 0
Step 7 : 
2498720648 2498720648
911440059 911440059
276431651 276431651
2756982377 2756982377
2037452514 2037452514
731110146 731110146
4080987113 4080987113
4134988314 3206664935
0 0
0 0
0 0
0 0
0 0
0 0
0 0
0 0
Step 7 : 
2498720648 2498720648
911440059 911440059
276431651 276431651
2756982377 2756982377
2037452514 2037452514
731110146 731110146
2470341095 2470341095
3198170321 4160162860
0 0
0 0
0 0
0 0
0 0
0 0
0 0
0 0
Step 7 : 
2498720648 2498720648
911440059 911440059
276431651 276431651
2756982377 2756982377
2037452514 2037452514
731110146 731110146
322889961 322889961
2793065853 4012766592
0 0
0 0
0 0
0 0
0 0
0 0
0 0
0 0
Step 7 : 
2498720648 2498720648
911440059 911440059
276431651 276431651
2756982377 2756982377
2037452514 2037452514
731110146 731110146
2199825895 2199825895
327853308 1524472833
0 0
0 0
0 0
0 0
0 0
0 0
0 0
0 0
Step 7 : 
2498720648 2498720648
911440059 911440059
276431651 276431651
2756982377 2756982377
2037452514 2037452514
731110146 731110146
2201906919 2201906919
2405576173 3325367568
0 0
0 0
0 0
0 0
0 0
0 0
0 0
0 0
Step 7 : 
2498720648 2498720648
911440059 911440059
276431651 276431651
2756982377 2756982377
2037452514 2037452514
731110146 731110146
4078873321 4078873321
498589226 1424025303
0 0
0 0
0 0
0 0
0 0
0 0
0 0
0 0
Step 7 : 
2498720648 2498720648
911440059 911440059
276431651 276431651
2756982377 2756982377
2037452514 2037452514
731110146 731110146
320809191 320809191
3668152071 2482288634
0 0
0 0
0 0
0 0
0 0
0 0
0 0
0 0
Step 7 : 
2498720648 2498720648
911440059 911440059
276431651 276431651
2756982377 2756982377
2037452514 2037452514
731110146 731110146
322890215 322890215
1432836468 472932745
0 0
0 0
0 0
0 0
0 0
0 0
0 0
0 0
Step 7 : 
2498720648 2498720648
911440059 911440059
276431651 276431651
2756982377 2756982377
2037452514 2037452514
731110146 731110146
1933520361 1933520361
479757793 1439677724
0 0
0 0
0 0
0 0
0 0
0 0
0 0
0 0
Step 7 : 
2498720648 2498720648
911440059 911440059
276431651 276431651
2756982377 2756982377
2037452514 2037452514
731110146 731110146
322858471 322858471
23726015 1211973442
0 0
0 0
0 0
0 0
0 0
0 0
0 0
0 0
Step 7 : 
2498720648 2498720648
911440059 911440059
276431651 276431651
2756982377 2756982377
2037452514 2037452514
731110146 731110146
2468261863 2468261863
2549473578 3735214551
0 0
0 0
0 0
0 0
0 0
0 0
0 0
0 0
Step 7 : 
2498720648 2498720648
911440059 911440059
276431651 276431651
2756982377 2756982377
2037452514 2037452514
731110146 731110146
1933520359 1933520359
2256838760 3486750869
0 0
0 0
0 0
0 0
0 0
0 0
0 0
0 0
Step 7 : 
2498720648 2498720648
911440059 911440059
276431651 276431651
2756982377 2756982377
2037452514 2037452514
731110146 731110146
2199840999 2199840999
1809567677 579663680
0 0
0 0
0 0
0 0
0 0
0 0
0 0
0 0
Step 7 : 
2498720648 2498720648
911440059 911440059
276431651 276431651
2756982377 2756982377
2037452514 2037452514
731110146 731110146
4081004521 4081004521
2831787000 3785267973
0 0
0 0
0 0
0 0
0 0
0 0
0 0
0 0
Step 7 : 
2498720648 2498720648
911440059 911440059
276431651 276431651
2756982377 2756982377
2037452514 2037452514
731110146 731110146
1931373289 1931373289
2250628064 3480412957
0 0
0 0
0 0
0 0
0 0
0 0
0 0
0 0
Step 7 : 
2498720648 2498720648
911440059 911440059
276431651 276431651
2756982377 2756982377
2037452514 2037452514
731110146 731110146
2468244967 2468244967
1266097466 35661255
0 0
0 0
0 0
0 0
0 0
0 0
0 0
0 0
Step 7 : 
2498720648 2498720648
911440059 911440059
276431651 276431651
2756982377 2756982377
2037452514 2037452514
731110146 731110146
322891241 322891241
442915836 1395745537
0 0
0 0
0 0
0 0
0 0
0 0
0 0
0 0
Step 7 : 
2498720648 2498720648
911440059 911440059
276431651 276431651
2756982377 2756982377
2037452514 2037452514
731110146 731110146
52374503 52374503
3514198455 2552320330
0 0
0 0
0 0
0 0
0 0
0 0
0 0
0 0
Step 7 : 
2498720648 2498720648
911440059 911440059
276431651 276431651
2756982377 2756982377
2037452514 2037452514
731110146 731110146
2201955815 2201955815
2049427426 863043359
0 0
0 0
0 0
0 0
0 0
0 0
0 0
0 0
Step 7 : 
2498720648 2498720648
911440059 911440059
276431651 276431651
2756982377 2756982377
2037452514 2037452514
731110146 731110146
54438633 54438633
3301620612 2375910265
0 0
0 0
0 0
0 0
0 0
0 0
0 0
0 0
Step 7 : 
2498720648 2498720648
911440059 911440059
276431651 276431651
2756982377 2756982377
2037452514 2037452514
731110146 731110146
1933471207 1933471207
3939003232 2745127837
0 0
0 0
0 0
0 0
0 0
0 0
0 0
0 0
Step 7 : 
2498720648 2498720648
911440059 911440059
276431651 276431651
2756982377 2756982377
2037452514 2037452514
731110146 731110146
54439911 54439911
279451159 1509895914
0 0
0 0
0 0
0 0
0 0
0 0
0 0
0 0
Step 7 : 
2498720648 2498720648
911440059 911440059
276431651 276431651
2756982377 2756982377
2037452514 2037452514
731110146 731110146
1931406567 1931406567
721443640 1649894341
0 0
0 0
0 0
0 0
0 0
0 0
0 0
0 0
Step 7 : 
2498720648 2498720648
911440059 911440059
276431651 276431651
2756982377 2756982377
2037452514 2037452514
731110146 731110146
1933503719 1933503719
2746280860 3941061473
0 0
0 0
0 0
0 0
0 0
0 0
0 0
0 0
Step 7 : 
2498720648 2498720648
911440059 911440059
276431651 276431651
2756982377 2756982377
2037452514 2037452514
731110146 731110146
2470358759 2470358759
1985646967 1057859978
0 0
0 0
0 0
0 0
0 0
0 0
0 0
0 0
Step 7 : 
2498720648 2498720648
911440059 911440059
276431651 276431651
2756982377 2756982377
2037452514 2037452514
731110146 731110146
2199825385 2199825385
2701922333 3898288352
0 0
0 0
0 0
0 0
0 0
0 0
0 0
0 0
Step 7 : 
2498720648 2498720648
911440059 911440059
276431651 276431651
2756982377 2756982377
2037452514 2037452514
731110146 731110146
2199842537 2199842537
3537317895 2608859386
0 0
0 0
0 0
0 0
0 0
0 0
0 0
0 0
Step 7 : 
2498720648 2498720648
911440059 911440059
276431651 276431651
2756982377 2756982377
2037452514 2037452514
731110146 731110146
2468278247 2468278247
4166637974 2970542443
0 0
0 0
0 0
0 0
0 0
0 0
0 0
0 0
Step 7 : 
2498720648 2498720648
911440059 911440059
276431651 276431651
2756982377 2756982377
2037452514 2037452514
731110146 731110146
2201905641 2201905641
1196403535 236491698
0 0
0 0
0 0
0 0
0 0
0 0
0 0
0 0
Step 7 : 
2498720648 2498720648
911440059 911440059
276431651 276431651
2756982377 2756982377
2037452514 2037452514
731110146 731110146
2199842281 2199842281
3323129897 2403715284
0 0
0 0
0 0
0 0
0 0
0 0
0 0
0 0
Step 7 : 
2498720648 2498720648
911440059 911440059
276431651 276431651
2756982377 2756982377
2037452514 2037452514
731110146 731110146
54471913 54471913
1332272438 104850891
0 0
0 0
0 0
0 0
0 0
0 0
0 0
0 0
Step 7 : 
2498720648 2498720648
911440059 911440059
276431651 276431651
2756982377 2756982377
2037452514 2037452514
731110146 731110146
2468293353 2468293353
2728588721 3958754636
0 0
0 0
0 0
0 0
0 0
0 0
0 0
0 0
Step 7 : 
2498720648 2498720648
911440059 911440059
276431651 276431651
2756982377 2756982377
2037452514 2037452514
731110146 731110146
322874343 322874343
2575881496 3504336357
0 0
0 0
0 0
0 0
0 0
0 0
0 0
0 0
Step 7 : 
2498720648 2498720648
911440059 911440059
276431651 276431651
2756982377 2756982377
2037452514 2037452514
731110146 731110146
322891239 322891239
2048319979 859953430
0 0
0 0
0 0
0 0
0 0
0 0
0 0
0 0
Step 7 : 
2498720648 2498720648
911440059 911440059
276431651 276431651
2756982377 2756982377
2037452514 2037452514
731110146 731110146
54438377 54438377
3741223850 2544481111
0 0
0 0
0 0
0 0
0 0
0 0
0 0
0 0
Step 7 : 
2498720648 2498720648
911440059 911440059
276431651 276431651
2756982377 2756982377
2037452514 2037452514
731110146 731110146
4078857193 4078857193
1785591123 591056302
0 0
0 0
0 0
0 0
0 0
0 0
0 0
0 0
Step 7 : 
2498720648 2498720648
911440059 911440059
276431651 276431651
2756982377 2756982377
2037452514 2037452514
731110146 731110146
322857703 322857703
949867855 1909124530
0 0
0 0
0 0
0 0
0 0
0 0
0 0
0 0
Step 7 : 
2498720648 2498720648
911440059 911440059
276431651 276431651
2756982377 2756982377
2037452514 2037452514
731110146 731110146
2470342377 2470342377
3433166038 2247543851
0 0
0 0
0 0
0 0
0 0
0 0
0 0
0 0
Step 7 : 
2498720648 2498720648
911440059 911440059
276431651 276431651
2756982377 2756982377
2037452514 2037452514
731110146 731110146
2468293351 2468293351
12690949 1234607864
0 0
0 0
0 0
0 0
0 0
0 0
0 0
0 0
Step 7 : 
2498720648 2498720648
911440059 911440059
276431651 276431651
2756982377 2756982377
2037452514 2037452514
731110146 731110146
2201906921 2201906921
4239456241 3051867916
0 0
0 0
0 0
0 0
0 0
0 0
0 0
0 0
Step 7 : 
2498720648 2498720648
911440059 911440059
276431651 276431651
2756982377 2756982377
2037452514 2037452514
731110146 731110146
2199841767 2199841767
3426547467 2238435318
0 0
0 0
0 0
0 0
0 0
0 0
0 0
0 0
Step 7 : 
2498720648 2498720648
911440059 911440059
276431651 276431651
2756982377 2756982377
2037452514 2037452514
731110146 731110146
320776423 320776423
1589567323 401205158
0 0
0 0
0 0
0 0
0 0
0 0
0 0
0 0
Step 7 : 
2498720648 2498720648
911440059 911440059
276431651 276431651
2756982377 2756982377
2037452514 2037452514
731110146 731110146
1933519335 1933519335
1381917461 453598184
0 0
0 0
0 0
0 0
0 0
0 0
0 0
0 0
Step 7 : 
2498720648 2498720648
911440059 911440059
276431651 276431651
2756982377 2756982377
2037452514 2037452514
731110146 731110146
4078874599 4078874599
4003812815 2817682738
0 0
0 0
0 0
0 0
0 0
0 0
0 0
0 0
Step 7 : 
2498720648 2498720648
911440059 911440059
276431651 276431651
2756982377 2756982377
2037452514 2037452514
731110146 731110146
322890727 322890727
4276636714 3082777815
0 0
0 0
0 0
0 0
0 0
0 0
0 0
0 0
Step 7 : 
2498720648 2498720648
911440059 911440059
276431651 276431651
2756982377 2756982377
2037452514 2037452514
731110146 731110146
1933470183 1933470183
2409513291 3335092662
0 0
0 0
0 0
0 0
0 0
0 0
0 0
0 0
Step 7 : 
2498720648 2498720648
911440059 911440059
276431651 276431651
2756982377 2756982377
2037452514 2037452514
731110146 731110146
320794601 320794601
2660799247 3620711410
0 0
0 0
0 0
0 0
0 0
0 0
0 0
0 0
Step 7 : 
2498720648 2498720648
911440059 911440059
276431651 276431651
2756982377 2756982377
2037452514 2037452514
731110146 731110146
322907111 322907111
3840569009 2914866764
0 0
0 0
0 0
0 0
0 0
0 0
0 0
0 0
Step 7 : 
2498720648 2498720648
911440059 911440059
276431651 276431651
2756982377 2756982377
2037452514 2037452514
731110146 731110146
54439143 54439143
2173910573 3368290000
0 0
0 0
0 0
0 0
0 0
0 0
0 0
0 0
Step 7 : 
2498720648 2498720648
911440059 911440059
276431651 276431651
2756982377 2756982377
2037452514 2037452514
731110146 731110146
2470342633 2470342633
3104779515 4032304134
0 0
0 0
0 0
0 0
0 0
0 0
0 0
0 0
Step 7 : 
2498720648 2498720648
911440059 911440059
276431651 276431651
2756982377 2756982377
2037452514 2037452514
731110146 731110146
2468243945 2468243945
264204322 1189628127
0 0
0 0
0 0
0 0
0 0
0 0
0 0
0 0
Step 7 : 
2498720648 2498720648
911440059 911440059
276431651 276431651
2756982377 2756982377
2037452514 2037452514
731110146 731110146
2468261095 2468261095
1679470228 760059497
0 0
0 0
0 0
0 0
0 0
0 0
0 0
0 0
Step 7 : 
2498720648 2498720648
911440059 911440059
276431651 276431651
2756982377 2756982377
2037452514 2037452514
731110146 731110146
322906343 322906343
998068336 1915381901
0 0
0 0
0 0
0 0
0 0
0 0
0 0
0 0
Step 7 : 
2498720648 2498720648
911440059 911440059
276431651 276431651
2756982377 2756982377
2037452514 2037452514
731110146 731110146
2470358759 2470358759
3742625679 2521094002
0 0
0 0
0 0
0 0
0 0
0 0
0 0
0 0
Step 7 : 
2498720648 2498720648
911440059 911440059
276431651 276431651
2756982377 2756982377
2037452514 2037452514
731110146 731110146
2468276713 2468276713
3780635323 2818626118
0 0
0 0
0 0
0 0
0 0
0 0
0 0
0 0
Step 7 : 
2498720648 2498720648
911440059 911440059
276431651 276431651
2756982377 2756982377
2037452514 2037452514
731110146 731110146
2199809255 2199809255
1991722175 1071676482
0 0
0 0
0 0
0 0
0 0
0 0
0 0
0 0
Step 7 : 
2498720648 2498720648
911440059 911440059
276431651 276431651
2756982377 2756982377
2037452514 2037452514
731110146 731110146
322858727 322858727
171147857 1130674860
0 0
0 0
0 0
0 0
0 0
0 0
0 0
0 0
Step 7 : 
2498720648 2498720648
911440059 911440059
276431651 276431651
2756982377 2756982377
2037452514 2037452514
731110146 731110146
54421735 54421735
38496011 1260150774
0 0
0 0
0 0
0 0
0 0
0 0
0 0
0 0
Step 7 : 
2498720648 2498720648
911440059 911440059
276431651 276431651
2756982377 2756982377
2037452514 2037452514
731110146 731110146
2468261865 2468261865
2038161781 808245640
0 0
0 0
0 0
0 0
0 0
0 0
0 0
0 0
Step 7 : 
2498720648 2498720648
911440059 911440059
276431651 276431651
2756982377 2756982377
2037452514 2037452514
731110146 731110146
1931421927 1931421927
2524687590 3744240667
0 0
0 0
0 0
0 0
0 0
0 0
0 0
0 0
Step 7 : 
2498720648 2498720648
911440059 911440059
276431651 276431651
2756982377 2756982377
2037452514 2037452514
731110146 731110146
1933486825 1933486825
1853953087 668347586
0 0
0 0
0 0
0 0
0 0
0 0
0 0
0 0
Step 7 : 
2498720648 2498720648
911440059 911440059
276431651 276431651
2756982377 2756982377
2037452514 2037452514
731110146 731110146
1931374567 1931374567
3240133131 2289548022
0 0
0 0
0 0
0 0
0 0
0 0
0 0
0 0
Step 7 : 
2498720648 2498720648
911440059 911440059
276431651 276431651
2756982377 2756982377
2037452514 2037452514
731110146 731110146
54439143 54439143
3379358738 2151404783
0 0
0 0
0 0
0 0
0 0
0 0
0 0
0 0
Step 7 : 
2498720648 2498720648
911440059 911440059
276431651 276431651
2756982377 2756982377
2037452514 2037452514
731110146 731110146
322906343 322906343
3940547351 2743649258
0 0
0 0
0 0
0 0
0 0
0 0
0 0
0 0
Step 7 : 
2498720648 2498720648
911440059 911440059
276431651 276431651
2756982377 2756982377
2037452514 2037452514
731110146 731110146
52358633 52358633
518235187 1471454414
0 0
0 0
0 0
0 0
0 0
0 0
0 0
0 0
Step 7 : 
2498720648 2498720648
911440059 911440059
276431651 276431651
2756982377 2756982377
2037452514 2037452514
731110146 731110146
4080987623 4080987623
3249045235 2298430990
0 0
0 0
0 0
0 0
0 0
0 0
0 0
0 0
Step 7 : 
2498720648 2498720648
911440059 911440059
276431651 276431651
2756982377 2756982377
2037452514 2037452514
731110146 731110146
54471143 54471143
3477201700 2249645017
0 0
0 0
0 0
0 0
0 0
0 0
0 0
0 0
Step 7 : 
2498720648 2498720648
911440059 911440059
276431651 276431651
2756982377 2756982377
2037452514 2037452514
731110146 731110146
2199810025 2199810025
3038149906 4232136175
0 0
0 0
0 0
0 0
0 0
0 0
0 0
0 0


Step 7 : 
3501112406 3501112406
2789078644 2789078644
2471805292 2471805292
1964505867 1964505867
3297090719 3297090719
1095225660 1095225660
1311252768 1311252768
0 0
0 0
0 0
0 0
0 0
0 0
0 0
0 0
0 0
Step is : 7
Step 7 : 
3501112406 3501112406
2789078644 2789078644
2471805292 2471805292
1964505867 1964505867
3297090719 3297090719
1095225660 1095225660
3995574560 3995574560
1213248189 17271360
0 0
0 0
0 0
0 0
0 0
0 0
0 0
0 0
Step 7 : 
3501112406 3501112406
2789078644 2789078644
2471805292 2471805292
1964505867 1964505867
3297090719 3297090719
1095225660 1095225660
1579704608 1579704608
3776749623 2823526602
0 0
0 0
0 0
0 0
0 0
0 0
0 0
0 0
Step 7 : 
3501112406 3501112406
2789078644 2789078644
2471805292 2471805292
1964505867 1964505867
3297090719 3297090719
1095225660 1095225660
3458720032 3458720032
4281687388 3059901857
0 0
0 0
0 0
0 0
0 0
0 0
0 0
0 0
Step 7 : 
3501112406 3501112406
2789078644 2789078644
2471805292 2471805292
1964505867 1964505867
3297090719 3297090719
1095225660 1095225660
3727139104 3727139104
423558190 1349108947
0 0
0 0
0 0
0 0
0 0
0 0
0 0
0 0
Step 7 : 
3501112406 3501112406
2789078644 2789078644
2471805292 2471805292
1964505867 1964505867
3297090719 3297090719
1095225660 1095225660
1579688224 1579688224
1751029145 554282340
0 0
0 0
0 0
0 0
0 0
0 0
0 0
0 0
Step 7 : 
3501112406 3501112406
2789078644 2789078644
2471805292 2471805292
1964505867 1964505867
3297090719 3297090719
1095225660 1095225660
3993493792 3993493792
1275392686 89377363
0 0
0 0
0 0
0 0
0 0
0 0
0 0
0 0
Step 7 : 
3501112406 3501112406
2789078644 2789078644
2471805292 2471805292
1964505867 1964505867
3297090719 3297090719
1095225660 1095225660
1309139232 1309139232
2814494480 4002873325
0 0
0 0
0 0
0 0
0 0
0 0
0 0
0 0
Step 7 : 
3501112406 3501112406
2789078644 2789078644
2471805292 2471805292
1964505867 1964505867
3297090719 3297090719
1095225660 1095225660
3995623712 3995623712
1336912597 116953640
0 0
0 0
0 0
0 0
0 0
0 0
0 0
0 0
Step 7 : 
3501112406 3501112406
2789078644 2789078644
2471805292 2471805292
1964505867 1964505867
3297090719 3297090719
1095225660 1095225660
3995623712 3995623712
2366141017 3294579364
0 0
0 0
0 0
0 0
0 0
0 0
0 0
0 0
Step is : 6
Step 7 : 
3501112406 3501112406
2789078644 2789078644
2471805292 2471805292
1964505867 1964505867
3297090719 3297090719
1137136958 1137136958
2786413655 2786413655
679258224 1630245005
0 0
0 0
0 0
0 0
0 0
0 0
0 0
0 0
Step is : 7
Step 7 : 
3501112406 3501112406
2789078644 2789078644
2471805292 2471805292
1964505867 1964505867
3297090719 3297090719
1137136958 1137136958
3021294679 3021294679
160766572 1086464657
0 0
0 0
0 0
0 0
0 0
0 0
0 0
0 0
Step 7 : 
3501112406 3501112406
2789078644 2789078644
2471805292 2471805292
1964505867 1964505867
3297090719 3297090719
1137136958 1137136958
2752875863 2752875863
2296261251 3246985854
0 0
0 0
0 0
0 0
0 0
0 0
0 0
0 0
Step 7 : 
3501112406 3501112406
2789078644 2789078644
2471805292 2471805292
1964505867 1964505867
3297090719 3297090719
1137136958 1137136958
3021294679 3021294679
2708914895 3894540850
0 0
0 0
0 0
0 0
0 0
0 0
0 0
0 0
Step 7 : 
3501112406 3501112406
2789078644 2789078644
2471805292 2471805292
1964505867 1964505867
3297090719 3297090719
1137136958 1137136958
940919895 940919895
951963925 1911220712
0 0
0 0
0 0
0 0
0 0
0 0
0 0
0 0
Step is : 6
Step is : 4
Step is : 5
Step is : 6
Step is : 4
Step is : 5
Step is : 6
Step is : 4
Step is : 5
Step is : 6
Step is : 4
Step is : 5
Step is : 6
Step is : 4
Step is : 5
Step is : 6
Step is : 4
Step is : 5
Step is : 6
Step is : 4
Step is : 5
Step is : 6
Step is : 4
Step is : 5
Step is : 6
Step is : 4
Step is : 5
Step is : 6
Step 7 : 
3501112406 3501112406
2789078644 2789078644
2471805292 2471805292
1964505867 1964505867
4066519515 4066519515
2874782749 2874782749
4057641767 4057641767
1722416922 805226471
0 0
0 0
0 0
0 0
0 0
0 0
0 0
0 0
Step is : 7
Step 7 : 
3501112406 3501112406
2789078644 2789078644
2471805292 2471805292
1964505867 1964505867
4066519515 4066519515
2874782749 2874782749
3822743589 3822743589
456797050 1382880135
0 0
0 0
0 0
0 0
0 0
0 0
0 0
0 0
Step 7 : 
3501112406 3501112406
2789078644 2789078644
2471805292 2471805292
1964505867 1964505867
4066519515 4066519515
2874782749 2874782749
1912762405 1912762405
1851553511 655052314
0 0
0 0
0 0
0 0
0 0
0 0
0 0
0 0
Step 7 : 
3501112406 3501112406
2789078644 2789078644
2471805292 2471805292
1964505867 1964505867
4066519515 4066519515
2874782749 2874782749
4091196197 4091196197
2598075435 3549185238
0 0
0 0
0 0
0 0
0 0
0 0
0 0
0 0
Step 7 : 
3501112406 3501112406
2789078644 2789078644
2471805292 2471805292
1964505867 1964505867
4066519515 4066519515
2874782749 2874782749
3789189415 3789189415
2809278862 3995404659
0 0
0 0
0 0
0 0
0 0
0 0
0 0
0 0
Step 7 : 
3501112406 3501112406
2789078644 2789078644
2471805292 2471805292
1964505867 1964505867
4066519515 4066519515
2874782749 2874782749
1946317349 1946317349
1974249810 1023119791
0 0
0 0
0 0
0 0
0 0
0 0
0 0
0 0
Step 7 : 
3501112406 3501112406
2789078644 2789078644
2471805292 2471805292
1964505867 1964505867
4066519515 4066519515
2874782749 2874782749
4058149669 4058149669
671516185 1632747236
0 0
0 0
0 0
0 0
0 0
0 0
0 0
0 0
Step 7 : 
3501112406 3501112406
2789078644 2789078644
2471805292 2471805292
1964505867 1964505867
4066519515 4066519515
2874782749 2874782749
4093276967 4093276967
2814436232 4002929525
0 0
0 0
0 0
0 0
0 0
0 0
0 0
0 0
Step 7 : 
3501112406 3501112406
2789078644 2789078644
2471805292 2471805292
1964505867 1964505867
4066519515 4066519515
2874782749 2874782749
3825365029 3825365029
3722541917 2494972832
0 0
0 0
0 0
0 0
0 0
0 0
0 0
0 0
Step 7 : 
3501112406 3501112406
2789078644 2789078644
2471805292 2471805292
1964505867 1964505867
4066519515 4066519515
2874782749 2874782749
3825382183 3825382183
3107244274 4033081359
0 0
0 0
0 0
0 0
0 0
0 0
0 0
0 0
Step 7 : 
3501112406 3501112406
2789078644 2789078644
2471805292 2471805292
1964505867 1964505867
4066519515 4066519515
2874782749 2874782749
4058165541 4058165541
3731529308 2537399969
0 0
0 0
0 0
0 0
0 0
0 0
0 0
0 0
Step 7 : 
3501112406 3501112406
2789078644 2789078644
2471805292 2471805292
1964505867 1964505867
4066519515 4066519515
2874782749 2874782749
1912238887 1912238887
3978392523 2759215926
0 0
0 0
0 0
0 0
0 0
0 0
0 0
0 0
Step 7 : 
3501112406 3501112406
2789078644 2789078644
2471805292 2471805292
1964505867 1964505867
4066519515 4066519515
2874782749 2874782749
1677374245 1677374245
1559693037 362823184
0 0
0 0
0 0
0 0
0 0
0 0
0 0
0 0
Step 7 : 
3501112406 3501112406
2789078644 2789078644
2471805292 2471805292
1964505867 1964505867
4066519515 4066519515
2874782749 2874782749
1675260709 1675260709
2137341101 909247568
0 0
0 0
0 0
0 0
0 0
0 0
0 0
0 0
Step 7 : 
3501112406 3501112406
2789078644 2789078644
2471805292 2471805292
1964505867 1964505867
4066519515 4066519515
2874782749 2874782749
1644327717 1644327717
4007018946 2810280255
0 0
0 0
0 0
0 0
0 0
0 0
0 0
0 0
Step 7 : 
3501112406 3501112406
2789078644 2789078644
2471805292 2471805292
1964505867 1964505867
4066519515 4066519515
2874782749 2874782749
1910157861 1910157861
2066849488 845588013
0 0
0 0
0 0
0 0
0 0
0 0
0 0
0 0
Step 7 : 
3501112406 3501112406
2789078644 2789078644
2471805292 2471805292
1964505867 1964505867
4066519515 4066519515
2874782749 2874782749
4091720485 4091720485
159902920 1087427637
0 0
0 0
0 0
0 0
0 0
0 0
0 0
0 0
Step 7 : 
3501112406 3501112406
2789078644 2789078644
2471805292 2471805292
1964505867 1964505867
4066519515 4066519515
2874782749 2874782749
1910681637 1910681637
948775686 1910117371
0 0
0 0
0 0
0 0
0 0
0 0
0 0
0 0
Step 7 : 
3501112406 3501112406
2789078644 2789078644
2471805292 2471805292
1964505867 1964505867
4066519515 4066519515
2874782749 2874782749
1946333735 1946333735
1491458022 296939291
0 0
0 0
0 0
0 0
0 0
0 0
0 0
0 0
Step 7 : 
3501112406 3501112406
2789078644 2789078644
2471805292 2471805292
1964505867 1964505867
4066519515 4066519515
2874782749 2874782749
4057624615 4057624615
917918028 2145479089
0 0
0 0
0 0
0 0
0 0
0 0
0 0
0 0
Step 7 : 
3501112406 3501112406
2789078644 2789078644
2471805292 2471805292
1964505867 1964505867
4066519515 4066519515
2874782749 2874782749
1912254757 1912254757
4226514426 2998682887
0 0
0 0
0 0
0 0
0 0
0 0
0 0
0 0
Step 7 : 
3501112406 3501112406
2789078644 2789078644
2471805292 2471805292
1964505867 1964505867
4066519515 4066519515
2874782749 2874782749
4091195431 4091195431
403510814 1364864739
0 0
0 0
0 0
0 0
0 0
0 0
0 0
0 0
Step 7 : 
3501112406 3501112406
2789078644 2789078644
2471805292 2471805292
1964505867 1964505867
4066519515 4066519515
2874782749 2874782749
1912255269 1912255269
731044863 1657135874
0 0
0 0
0 0
0 0
0 0
0 0
0 0
0 0
Step 7 : 
3501112406 3501112406
2789078644 2789078644
2471805292 2471805292
1964505867 1964505867
4066519515 4066519515
2874782749 2874782749
4093293093 4093293093
3106560798 4034749411
0 0
0 0
0 0
0 0
0 0
0 0
0 0
0 0
Step 7 : 
3501112406 3501112406
2789078644 2789078644
2471805292 2471805292
1964505867 1964505867
4066519515 4066519515
2874782749 2874782749
4060246053 4060246053
1370085775 419357042
0 0
0 0
0 0
0 0
0 0
0 0
0 0
0 0
Step 7 : 
3501112406 3501112406
2789078644 2789078644
2471805292 2471805292
1964505867 1964505867
4066519515 4066519515
2874782749 2874782749
1943695399 1943695399
4242066459 3046110438
0 0
0 0
0 0
0 0
0 0
0 0
0 0
0 0
Step 7 : 
3501112406 3501112406
2789078644 2789078644
2471805292 2471805292
1964505867 1964505867
4066519515 4066519515
2874782749 2874782749
3789729831 3789729831
3524199335 2606250842
0 0
0 0
0 0
0 0
0 0
0 0
0 0
0 0
Step 7 : 
3501112406 3501112406
2789078644 2789078644
2471805292 2471805292
1964505867 1964505867
4066519515 4066519515
2874782749 2874782749
1644327719 1644327719
2816226798 4002090259
0 0
0 0
0 0
0 0
0 0
0 0
0 0
0 0
Step 7 : 
3501112406 3501112406
2789078644 2789078644
2471805292 2471805292
1964505867 1964505867
4066519515 4066519515
2874782749 2874782749
4091179047 4091179047
3336495172 2408175801
0 0
0 0
0 0
0 0
0 0
0 0
0 0
0 0
Step 7 : 
3501112406 3501112406
2789078644 2789078644
2471805292 2471805292
1964505867 1964505867
4066519515 4066519515
2874782749 2874782749
4059722533 4059722533
3997670385 2802885388
0 0
0 0
0 0
0 0
0 0
0 0
0 0
0 0
Step 7 : 
3501112406 3501112406
2789078644 2789078644
2471805292 2471805292
1964505867 1964505867
4066519515 4066519515
2874782749 2874782749
4093276199 4093276199
1166957694 215573635
0 0
0 0
0 0
0 0
0 0
0 0
0 0
0 0
Step 7 : 
3501112406 3501112406
2789078644 2789078644
2471805292 2471805292
1964505867 1964505867
4066519515 4066519515
2874782749 2874782749
4058148903 4058148903
788460873 1739181492
0 0
0 0
0 0
0 0
0 0
0 0
0 0
0 0
Step 7 : 
3501112406 3501112406
2789078644 2789078644
2471805292 2471805292
1964505867 1964505867
4066519515 4066519515
2874782749 2874782749
3823268133 3823268133
3261345127 2335380890
0 0
0 0
0 0
0 0
0 0
0 0
0 0
0 0
Step 7 : 
3501112406 3501112406
2789078644 2789078644
2471805292 2471805292
1964505867 1964505867
4066519515 4066519515
2874782749 2874782749
1945809703 1945809703
2367724176 3296174701
0 0
0 0
0 0
0 0
0 0
0 0
0 0
0 0
Step 7 : 
3501112406 3501112406
2789078644 2789078644
2471805292 2471805292
1964505867 1964505867
4066519515 4066519515
2874782749 2874782749
3825381927 3825381927
1925999526 1000035163
0 0
0 0
0 0
0 0
0 0
0 0
0 0
0 0
Step 7 : 
3501112406 3501112406
2789078644 2789078644
2471805292 2471805292
1964505867 1964505867
4066519515 4066519515
2874782749 2874782749
3825382181 3825382181
2252832862 3473979555
0 0
0 0
0 0
0 0
0 0
0 0
0 0
0 0
Step 7 : 
3501112406 3501112406
2789078644 2789078644
2471805292 2471805292
1964505867 1964505867
4066519515 4066519515
2874782749 2874782749
3789730085 3789730085
2015183959 826965162
0 0
0 0
0 0
0 0
0 0
0 0
0 0
0 0
Step 7 : 
3501112406 3501112406
2789078644 2789078644
2471805292 2471805292
1964505867 1964505867
4066519515 4066519515
2874782749 2874782749
1945808933 1945808933
2932576311 3885803722
0 0
0 0
0 0
0 0
0 0
0 0
0 0
0 0
Step 7 : 
3501112406 3501112406
2789078644 2789078644
2471805292 2471805292
1964505867 1964505867
4066519515 4066519515
2874782749 2874782749
4057624615 4057624615
3983257731 2755430526
0 0
0 0
0 0
0 0
0 0
0 0
0 0
0 0
Step 7 : 
3501112406 3501112406
2789078644 2789078644
2471805292 2471805292
1964505867 1964505867
4066519515 4066519515
2874782749 2874782749
1677374245 1677374245
1184724363 264916342
0 0
0 0
0 0
0 0
0 0
0 0
0 0
0 0
Step 7 : 
3501112406 3501112406
2789078644 2789078644
2471805292 2471805292
1964505867 1964505867
4066519515 4066519515
2874782749 2874782749
1910157863 1910157863
2566819144 3517560245
0 0
0 0
0 0
0 0
0 0
0 0
0 0
0 0
Step 7 : 
3501112406 3501112406
2789078644 2789078644
2471805292 2471805292
1964505867 1964505867
4066519515 4066519515
2874782749 2874782749
4091179301 4091179301
2584153495 3545249130
0 0
0 0
0 0
0 0
0 0
0 0
0 0
0 0
Step 7 : 
3501112406 3501112406
2789078644 2789078644
2471805292 2471805292
1964505867 1964505867
4066519515 4066519515
2874782749 2874782749
1642246951 1642246951
3974874531 2780626270
0 0
0 0
0 0
0 0
0 0
0 0
0 0
0 0
Step 7 : 
3501112406 3501112406
2789078644 2789078644
2471805292 2471805292
1964505867 1964505867
4066519515 4066519515
2874782749 2874782749
3823268645 3823268645
3993197646 2807325875
0 0
0 0
0 0
0 0
0 0
0 0
0 0
0 0
Step 7 : 
3501112406 3501112406
2789078644 2789078644
2471805292 2471805292
1964505867 1964505867
4066519515 4066519515
2874782749 2874782749
3822760741 3822760741
1721409201 802006604
0 0
0 0
0 0
0 0
0 0
0 0
0 0
0 0
Step 7 : 
3501112406 3501112406
2789078644 2789078644
2471805292 2471805292
1964505867 1964505867
4066519515 4066519515
2874782749 2874782749
3822759975 3822759975
2040788316 821349793
0 0
0 0
0 0
0 0
0 0
0 0
0 0
0 0
Step 7 : 
3501112406 3501112406
2789078644 2789078644
2471805292 2471805292
1964505867 1964505867
4066519515 4066519515
2874782749 2874782749
4060246567 4060246567
4252738470 3022822235
0 0
0 0
0 0
0 0
0 0
0 0
0 0
0 0
Step 7 : 
3501112406 3501112406
2789078644 2789078644
2471805292 2471805292
1964505867 1964505867
4066519515 4066519515
2874782749 2874782749
4059722279 4059722279
2900876270 3853574931
0 0
0 0
0 0
0 0
0 0
0 0
0 0
0 0
Step 7 : 
3501112406 3501112406
2789078644 2789078644
2471805292 2471805292
1964505867 1964505867
4066519515 4066519515
2874782749 2874782749
1642230311 1642230311
3051586809 4239703044
0 0
0 0
0 0
0 0
0 0
0 0
0 0
0 0
Step 7 : 
3501112406 3501112406
2789078644 2789078644
2471805292 2471805292
1964505867 1964505867
4066519515 4066519515
2874782749 2874782749
3789189157 3789189157
119838260 1316204233
0 0
0 0
0 0
0 0
0 0
0 0
0 0
0 0
Step 7 : 
3501112406 3501112406
2789078644 2789078644
2471805292 2471805292
1964505867 1964505867
4066519515 4066519515
2874782749 2874782749
1643802917 1643802917
3800695679 2883402626
0 0
0 0
0 0
0 0
0 0
0 0
0 0
0 0
Step 7 : 
3501112406 3501112406
2789078644 2789078644
2471805292 2471805292
1964505867 1964505867
4066519515 4066519515
2874782749 2874782749
4059722279 4059722279
3817240023 2865843498
0 0
0 0
0 0
0 0
0 0
0 0
0 0
0 0
Step 7 : 
3501112406 3501112406
2789078644 2789078644
2471805292 2471805292
1964505867 1964505867
4066519515 4066519515
2874782749 2874782749
3825365543 3825365543
3575652090 2625054215
0 0
0 0
0 0
0 0
0 0
0 0
0 0
0 0
Step 7 : 
3501112406 3501112406
2789078644 2789078644
2471805292 2471805292
1964505867 1964505867
4066519515 4066519515
2874782749 2874782749
3822759973 3822759973
3811997805 2858500240
0 0
0 0
0 0
0 0
0 0
0 0
0 0
0 0
Step 7 : 
3501112406 3501112406
2789078644 2789078644
2471805292 2471805292
1964505867 1964505867
4066519515 4066519515
2874782749 2874782749
4091703589 4091703589
2279191770 3465448487
0 0
0 0
0 0
0 0
0 0
0 0
0 0
0 0
Step 7 : 
3501112406 3501112406
2789078644 2789078644
2471805292 2471805292
1964505867 1964505867
4066519515 4066519515
2874782749 2874782749
1944236071 1944236071
94550884 1291158425
0 0
0 0
0 0
0 0
0 0
0 0
0 0
0 0
Step 7 : 
3501112406 3501112406
2789078644 2789078644
2471805292 2471805292
1964505867 1964505867
4066519515 4066519515
2874782749 2874782749
4091719975 4091719975
1925231793 999787596
0 0
0 0
0 0
0 0
0 0
0 0
0 0
0 0
Step 7 : 
3501112406 3501112406
2789078644 2789078644
2471805292 2471805292
1964505867 1964505867
4066519515 4066519515
2874782749 2874782749
4093276965 4093276965
1032141102 1959920083
0 0
0 0
0 0
0 0
0 0
0 0
0 0
0 0
Step 7 : 
3501112406 3501112406
2789078644 2789078644
2471805292 2471805292
1964505867 1964505867
4066519515 4066519515
2874782749 2874782749
4058149415 4058149415
471458908 1431231649
0 0
0 0
0 0
0 0
0 0
0 0
0 0
0 0
Step 7 : 
3501112406 3501112406
2789078644 2789078644
2471805292 2471805292
1964505867 1964505867
4066519515 4066519515
2874782749 2874782749
3825365541 3825365541
3684346564 2462945849
0 0
0 0
0 0
0 0
0 0
0 0
0 0
0 0
Step 7 : 
3501112406 3501112406
2789078644 2789078644
2471805292 2471805292
1964505867 1964505867
4066519515 4066519515
2874782749 2874782749
4060246311 4060246311
3922799354 2693140999
0 0
0 0
0 0
0 0
0 0
0 0
0 0
0 0
Step 7 : 
3501112406 3501112406
2789078644 2789078644
2471805292 2471805292
1964505867 1964505867
4066519515 4066519515
2874782749 2874782749
4060246565 4060246565
330673287 1524798586
0 0
0 0
0 0
0 0
0 0
0 0
0 0
0 0
Step 7 : 
3501112406 3501112406
2789078644 2789078644
2471805292 2471805292
1964505867 1964505867
4066519515 4066519515
2874782749 2874782749
1641705767 1641705767
762674463 1679967714
0 0
0 0
0 0
0 0
0 0
0 0
0 0
0 0
Step 7 : 
3501112406 3501112406
2789078644 2789078644
2471805292 2471805292
1964505867 1964505867
4066519515 4066519515
2874782749 2874782749
3789729829 3789729829
250572104 1203262901
0 0
0 0
0 0
0 0
0 0
0 0
0 0
0 0
Step 7 : 
3501112406 3501112406
2789078644 2789078644
2471805292 2471805292
1964505867 1964505867
4066519515 4066519515
2874782749 2874782749
3822743845 3822743845
3111649734 4029626683
0 0
0 0
0 0
0 0
0 0
0 0
0 0
0 0
Step 7 : 
3501112406 3501112406
2789078644 2789078644
2471805292 2471805292
1964505867 1964505867
4066519515 4066519515
2874782749 2874782749
4060262949 4060262949
2894443393 3855780732
0 0
0 0
0 0
0 0
0 0
0 0
0 0
0 0
Step 7 : 
3501112406 3501112406
2789078644 2789078644
2471805292 2471805292
1964505867 1964505867
4066519515 4066519515
2874782749 2874782749
1912254503 1912254503
4199982498 3003227487
0 0
0 0
0 0
0 0
0 0
0 0
0 0
0 0
Step 7 : 
3501112406 3501112406
2789078644 2789078644
2471805292 2471805292
1964505867 1964505867
4066519515 4066519515
2874782749 2874782749
1910682149 1910682149
1596687 1229940210
0 0
0 0
0 0
0 0
0 0
0 0
0 0
0 0
Step 7 : 
3501112406 3501112406
2789078644 2789078644
2471805292 2471805292
1964505867 1964505867
4066519515 4066519515
2874782749 2874782749
3791827749 3791827749
1474889346 515784319
0 0
0 0
0 0
0 0
0 0
0 0
0 0
0 0
Step 7 : 
3501112406 3501112406
2789078644 2789078644
2471805292 2471805292
1964505867 1964505867
4066519515 4066519515
2874782749 2874782749
4093817125 4093817125
2436166854 3630419003
0 0
0 0
0 0
0 0
0 0
0 0
0 0
0 0
Step 7 : 
3501112406 3501112406
2789078644 2789078644
2471805292 2471805292
1964505867 1964505867
4066519515 4066519515
2874782749 2874782749
1641722407 1641722407
4204160411 3015794022
0 0
0 0
0 0
0 0
0 0
0 0
0 0
0 0
Step 7 : 
3501112406 3501112406
2789078644 2789078644
2471805292 2471805292
1964505867 1964505867
4066519515 4066519515
2874782749 2874782749
1675276581 1675276581
202426741 1162342792
0 0
0 0
0 0
0 0
0 0
0 0
0 0
0 0
Step 7 : 
3501112406 3501112406
2789078644 2789078644
2471805292 2471805292
1964505867 1964505867
4066519515 4066519515
2874782749 2874782749
1675276325 1675276325
3043527685 4232033528
0 0
0 0
0 0
0 0
0 0
0 0
0 0
0 0
Step 7 : 
3501112406 3501112406
2789078644 2789078644
2471805292 2471805292
1964505867 1964505867
4066519515 4066519515
2874782749 2874782749
4091704103 4091704103
2904486447 3830041298
0 0
0 0
0 0
0 0
0 0
0 0
0 0
0 0
Step 7 : 
3501112406 3501112406
2789078644 2789078644
2471805292 2471805292
1964505867 1964505867
4066519515 4066519515
2874782749 2874782749
4060246565 4060246565
2450091130 3680392327
0 0
0 0
0 0
0 0
0 0
0 0
0 0
0 0
